# AmiraMesh 3D ASCII 2.0

# CreationDate: Mon Feb 06 14:00:56 2012


nVertices 1161
nEdges 2320
define Origins 0
define vertexTypeList 0

Parameters {
    Materials {
    }
    Fitting {
        cVFact 0.1,
        cRFact 0.1,
        oVFact 0.1,
        oRFact 0.1,
        iVFact 0.5,
        iRFact 0.5,
        stepSize 0.5
    }
    ContentType "SkeletonGraph"
}

Vertices { float[3] Coordinates } @1
Vertices { int NeighbourCount } @2
Vertices { float Radii } @3
EdgeData { int NeighbourList } @4
Origins { int Origins } @5
Vertices { int vertexTypeCounter } @6
vertexTypeList { int vertexTypeList } @7

# Data section follows
@1
131.767 185.746 133.434 
139.825 218.075 82.8189 
143.25 194.381 110.072 
143.338 194.022 110.41 
143.451 193.656 110.735 
143.569 193.281 111.047 
143.706 192.898 111.342 
143.896 192.567 111.669 
144.132 192.312 112.031 
144.407 192.033 112.344 
144.749 191.805 112.632 
145.073 191.551 112.917 
145.405 191.315 113.209 
145.716 191.072 113.52 
145.996 190.827 113.856 
146.221 190.574 114.226 
146.448 190.357 114.617 
146.62 190.096 115.01 
146.824 189.875 115.412 
147.009 189.636 115.811 
147.142 189.381 116.219 
147.267 189.148 116.641 
147.361 188.895 117.059 
147.422 188.641 117.48 
147.471 188.38 117.895 
147.53 188.121 118.308 
147.6 187.886 118.729 
147.647 187.675 119.163 
147.668 187.49 119.608 
147.661 187.321 120.058 
147.626 187.169 120.512 
147.567 187.047 120.973 
147.496 186.955 121.438 
147.416 186.885 121.905 
147.311 186.84 122.371 
147.184 186.82 122.833 
147.035 186.828 123.291 
146.857 186.854 123.739 
146.661 186.893 124.182 
146.443 186.933 124.616 
146.21 186.995 125.042 
145.955 187.074 125.455 
145.687 187.172 125.856 
145.406 187.278 126.249 
145.117 187.392 126.635 
144.817 187.501 127.015 
144.515 187.621 127.391 
144.202 187.732 127.762 
143.878 187.832 128.128 
143.532 187.908 128.479 
143.17 187.965 128.818 
142.792 187.99 129.143 
142.404 187.996 129.458 
142.01 187.984 129.763 
141.609 187.949 130.059 
141.202 187.902 130.342 
140.787 187.859 130.615 
140.366 187.815 130.877 
139.94 187.771 131.129 
139.508 187.73 131.371 
139.075 187.703 131.614 
138.643 187.69 131.857 
138.203 187.673 132.088 
137.754 187.632 132.299 
137.301 187.571 132.493 
136.844 187.49 132.67 
136.387 187.386 132.833 
135.925 187.281 132.978 
135.451 187.218 133.116 
134.973 187.124 133.228 
134.498 186.986 133.311 
134.024 186.833 133.373 
133.557 186.653 133.422 
133.1 186.445 133.453 
132.634 186.253 133.472 
132.205 185.99 133.46 
143.176 194.74 109.732 
143.091 195.08 109.376 
143.049 195.453 109.046 
143.001 195.82 108.706 
142.952 196.177 108.355 
142.88 196.511 107.984 
142.789 196.846 107.62 
142.71 197.219 107.292 
142.607 197.6 106.983 
142.524 198.009 106.705 
142.438 198.416 106.423 
142.348 198.822 106.143 
142.258 199.234 105.871 
142.166 199.645 105.598 
142.064 200.057 105.331 
141.955 200.47 105.071 
141.85 200.883 104.808 
141.743 201.29 104.538 
141.622 201.683 104.255 
141.504 202.07 103.962 
141.404 202.455 103.662 
141.31 202.834 103.351 
141.219 203.204 103.03 
141.119 203.559 102.694 
141.002 203.888 102.338 
140.885 204.208 101.974 
140.76 204.512 101.597 
140.638 204.809 101.215 
140.514 205.103 100.83 
140.423 205.404 100.441 
140.368 205.715 100.052 
140.308 206.018 99.6587 
140.246 206.308 99.2546 
140.193 206.604 98.8534 
140.11 206.884 98.4457 
140.033 207.171 98.042 
139.955 207.455 97.6366 
139.884 207.74 97.23 
139.823 208.03 96.8255 
139.764 208.327 96.426 
139.718 208.644 96.0399 
139.673 208.975 95.6655 
139.633 209.292 95.2786 
139.615 209.613 94.8937 
139.58 209.931 94.507 
139.537 210.258 94.1303 
139.514 210.609 93.7734 
139.481 210.963 93.4207 
139.447 211.325 93.0748 
139.419 211.695 92.738 
139.396 212.078 92.4147 
139.377 212.471 92.1035 
139.37 212.868 91.7967 
139.36 213.26 91.4835 
139.356 213.647 91.1649 
139.364 214.032 90.8429 
139.374 214.407 90.5104 
139.361 214.776 90.1707 
139.311 215.139 89.8278 
139.254 215.491 89.4755 
139.21 215.841 89.1193 
139.172 216.188 88.758 
139.153 216.535 88.395 
139.136 216.877 88.0257 
139.148 217.213 87.6485 
139.18 217.514 87.2423 
139.226 217.793 86.8186 
139.279 218.023 86.3658 
139.312 218.245 85.9064 
139.339 218.444 85.4362 
139.383 218.642 84.9638 
139.42 218.784 84.4685 
139.484 218.851 83.9605 
139.566 218.789 83.4643 
139.675 218.609 83.0307 
158.969 174.557 65.2842 
154.125 195.756 73.5782 
154 196.192 73.7864 
153.867 196.621 74.0059 
153.746 197.043 74.2456 
153.588 197.433 74.5164 
153.501 197.852 74.779 
153.394 198.225 75.0975 
153.271 198.59 75.4193 
153.179 199.004 75.6912 
153.088 199.441 75.9188 
152.987 199.889 76.1187 
152.873 200.336 76.3125 
152.756 200.782 76.5037 
152.617 201.217 76.7022 
152.436 201.644 76.8778 
152.244 202.065 77.0512 
152.038 202.475 77.2276 
151.806 202.876 77.3935 
151.57 203.281 77.5494 
151.282 203.649 77.7221 
150.959 204.001 77.869 
150.613 204.338 78.0061 
150.261 204.668 78.1505 
149.872 204.947 78.3092 
149.495 205.243 78.4576 
149.103 205.516 78.6039 
148.715 205.797 78.7465 
148.345 206.102 78.8833 
147.993 206.423 79.0238 
147.645 206.745 79.1574 
147.299 207.058 79.2873 
146.946 207.335 79.4178 
146.582 207.553 79.5402 
146.272 207.787 79.6421 
144.026 210.043 80.16 
143.74 210.442 80.2209 
143.483 210.856 80.2996 
143.197 211.246 80.3934 
142.933 211.652 80.4888 
142.683 212.062 80.5984 
142.456 212.481 80.7259 
142.231 212.9 80.8586 
142.022 213.322 81.0047 
141.801 213.739 81.1442 
141.586 214.157 81.2937 
141.371 214.576 81.4424 
141.149 214.99 81.5921 
140.933 215.408 81.7434 
140.714 215.824 81.9016 
140.516 216.25 82.0664 
140.322 216.678 82.2452 
140.144 217.122 82.4279 
139.979 217.585 82.6175 
154.253 195.313 73.3843 
154.372 194.866 73.1921 
154.44 194.413 72.9902 
154.532 193.969 72.7775 
154.665 193.53 72.5789 
154.792 193.084 72.3921 
154.96 192.651 72.204 
155.136 192.221 72.0185 
155.293 191.783 71.8335 
155.462 191.347 71.6539 
155.635 190.911 71.4758 
155.794 190.469 71.3012 
155.936 190.02 71.1302 
156.106 189.584 70.9527 
156.287 189.153 70.7715 
156.462 188.722 70.5863 
156.627 188.288 70.3971 
156.792 187.854 70.2075 
156.946 187.415 70.0192 
157.081 186.97 69.8322 
157.198 186.519 69.6484 
157.324 186.068 69.4677 
157.464 185.623 69.2867 
157.614 185.181 69.1045 
157.755 184.735 68.9241 
157.891 184.288 68.7429 
158.02 183.842 68.5536 
158.155 183.392 68.3791 
158.284 182.939 68.206 
158.41 182.487 68.0311 
158.537 182.035 67.8549 
158.662 181.583 67.6773 
158.774 181.13 67.4963 
158.884 180.677 67.3126 
158.99 180.223 67.1275 
159.095 179.77 66.9418 
159.183 179.313 66.7547 
159.245 178.851 66.5698 
159.282 178.384 66.3921 
159.297 177.911 66.231 
159.295 177.433 66.0802 
159.271 176.955 65.937 
159.233 176.475 65.8004 
159.176 175.995 65.6697 
159.11 175.516 65.5401 
159.041 175.037 65.4117 
135.327 135.774 63.2923 
135.554 136.019 62.9196 
135.883 136.223 62.6007 
136.183 136.475 62.2877 
136.451 136.783 61.9929 
136.753 137.079 61.7193 
137.012 137.451 61.5001 
137.257 137.843 61.3079 
137.506 138.247 61.1487 
137.75 138.668 61.0254 
137.986 139.106 60.9349 
138.277 139.521 60.8828 
138.663 139.854 60.8896 
139.07 140.156 60.939 
139.444 140.5 60.9848 
139.889 140.74 61.0357 
140.283 141.054 61.101 
140.724 141.275 61.2217 
141.128 141.532 61.382 
141.486 141.872 61.4765 
141.846 142.21 61.5471 
142.21 142.549 61.5907 
142.577 142.886 61.6248 
142.921 143.249 61.6339 
143.267 143.611 61.625 
143.606 143.982 61.6051 
143.921 144.374 61.5671 
144.231 144.767 61.5121 
144.544 145.162 61.4924 
144.781 145.608 61.4857 
145.081 146.012 61.4956 
145.396 146.401 61.5245 
145.707 146.79 61.5659 
146.037 147.158 61.6364 
146.389 147.495 61.7425 
146.767 147.775 61.9032 
147.152 148.049 62.0527 
147.534 148.323 62.2124 
147.92 148.587 62.3824 
148.306 148.85 62.5597 
148.687 149.121 62.7361 
149.068 149.4 62.9009 
149.434 149.701 63.0582 
149.793 150.018 63.2028 
150.129 150.367 63.3277 
150.463 150.719 63.4476 
150.81 151.06 63.5601 
151.148 151.413 63.657 
151.508 151.746 63.7415 
151.838 152.113 63.7848 
152.183 152.46 63.8216 
152.48 152.85 63.821 
152.749 153.258 63.7879 
153.005 153.674 63.7264 
153.263 154.085 63.6329 
153.512 154.503 63.5383 
153.769 154.903 63.3955 
154.061 155.273 63.2343 
154.315 155.68 63.0915 
154.575 156.091 62.9692 
154.837 156.508 62.8781 
155.137 156.908 62.8442 
155.429 157.317 62.8439 
155.769 157.69 62.8656 
156.066 158.1 62.8895 
156.357 158.515 62.921 
156.618 158.943 63.0103 
156.817 159.407 63.0748 
156.963 159.889 63.1447 
157.029 160.388 63.1902 
157.088 160.886 63.2242 
157.118 161.386 63.2591 
157.111 161.886 63.2836 
157.086 162.384 63.3154 
157.068 162.882 63.3428 
157.032 163.38 63.3635 
157.045 163.88 63.4113 
157.158 164.361 63.497 
157.28 164.839 63.5797 
157.392 165.322 63.6422 
157.5 165.809 63.6933 
157.558 166.305 63.7398 
157.631 166.799 63.7985 
157.723 167.287 63.8776 
157.835 167.769 63.9605 
157.963 168.247 64.0374 
158.08 168.729 64.1116 
158.146 169.219 64.2032 
158.23 169.71 64.2736 
158.277 170.202 64.3583 
158.359 170.689 64.4403 
158.444 171.176 64.5199 
158.542 171.66 64.6054 
158.619 172.147 64.6993 
158.684 172.633 64.8042 
158.748 173.117 64.9169 
158.82 173.598 65.0347 
158.895 174.078 65.1581 
117.024 277.23 92.4808 
116.88 276.808 92.2541 
116.742 276.39 92.0161 
116.598 275.984 91.7633 
116.497 275.567 91.5081 
116.406 275.152 91.2442 
116.335 274.741 90.9693 
116.284 274.328 90.6932 
116.245 273.913 90.416 
116.209 273.496 90.1418 
116.172 273.076 89.8727 
116.141 272.653 89.6082 
116.12 272.229 89.3433 
116.091 271.801 89.0832 
116.008 271.371 88.8379 
115.913 270.941 88.6001 
115.82 270.511 88.363 
115.75 270.074 88.1327 
115.711 269.624 87.917 
115.728 269.162 87.7242 
115.793 268.698 87.5487 
115.885 268.234 87.3874 
115.984 267.769 87.2306 
116.068 267.305 87.0638 
116.179 266.842 86.9105 
116.288 266.377 86.7586 
116.382 265.912 86.6013 
116.463 265.442 86.4457 
116.53 264.971 86.2916 
116.591 264.499 86.1366 
116.644 264.026 85.9827 
116.695 263.552 85.8279 
116.743 263.08 85.6683 
116.799 262.609 85.5096 
116.852 262.138 85.3497 
116.902 261.669 85.1845 
116.958 261.201 85.015 
116.981 260.734 84.8353 
116.994 260.269 84.6535 
117.042 259.802 84.4849 
117.111 259.335 84.3267 
117.206 258.869 84.1804 
117.336 258.408 84.0447 
117.505 257.957 83.9167 
117.733 257.53 83.7983 
117.976 257.108 83.6847 
118.234 256.693 83.5759 
118.488 256.276 83.4672 
118.733 255.854 83.3554 
118.966 255.427 83.2426 
119.187 254.992 83.1311 
119.392 254.551 83.0199 
119.574 254.1 82.9077 
119.731 253.64 82.7945 
119.866 253.173 82.6815 
119.983 252.7 82.5693 
120.085 252.224 82.4576 
120.183 251.746 82.348 
120.291 251.268 82.2459 
120.412 250.792 82.1522 
120.528 250.313 82.064 
120.642 249.833 81.9793 
120.763 249.353 81.9045 
120.882 248.872 81.839 
120.995 248.389 81.7768 
121.115 247.906 81.718 
121.241 247.425 81.6624 
121.408 246.956 81.6135 
121.594 246.494 81.568 
121.788 246.035 81.5255 
122.011 245.588 81.4921 
122.224 245.136 81.4613 
122.442 244.687 81.4368 
122.66 244.237 81.4171 
122.865 243.78 81.396 
123.07 243.324 81.3805 
123.28 242.87 81.3729 
123.475 242.409 81.373 
123.694 241.96 81.3853 
123.918 241.513 81.4057 
124.154 241.074 81.4363 
124.408 240.646 81.4805 
124.674 240.226 81.5356 
124.961 239.823 81.6051 
125.271 239.44 81.6857 
125.586 239.061 81.7708 
125.902 238.684 81.8634 
126.225 238.314 81.9622 
126.518 237.918 82.0546 
126.808 237.521 82.1474 
127.083 237.113 82.237 
127.362 236.706 82.3234 
127.63 236.291 82.4027 
127.897 235.874 82.4748 
128.159 235.454 82.5421 
128.416 235.029 82.6001 
128.663 234.596 82.6407 
128.913 234.163 82.6705 
129.156 233.727 82.6897 
129.392 233.286 82.697 
129.616 232.839 82.6923 
129.821 232.383 82.6752 
130.027 231.928 82.6492 
130.228 231.471 82.6177 
130.435 231.017 82.5836 
130.652 230.569 82.5477 
130.888 230.13 82.5141 
131.136 229.698 82.4822 
131.394 229.273 82.4545 
131.677 228.864 82.4293 
131.982 228.47 82.4036 
132.302 228.088 82.3756 
132.633 227.717 82.3423 
132.983 227.364 82.3068 
133.337 227.014 82.2653 
133.711 226.684 82.222 
134.09 226.362 82.1749 
134.482 226.054 82.1282 
134.865 225.736 82.0758 
135.239 225.409 82.0277 
135.593 225.061 81.9875 
135.92 224.688 81.9469 
136.213 224.286 81.9056 
136.439 223.843 81.8623 
136.656 223.395 81.8238 
136.863 222.941 81.8014 
137.073 222.491 81.7895 
137.32 222.062 81.798 
137.578 221.641 81.8277 
137.864 221.241 81.8734 
138.184 220.875 81.9631 
138.508 220.522 82.0958 
138.819 220.165 82.2532 
139.083 219.775 82.4304 
139.392 219.441 82.6515 
139.548 219.014 82.8521 
117.164 277.661 92.6909 
117.345 278.082 92.8917 
117.501 278.52 93.0803 
117.621 278.978 93.2485 
117.701 279.447 93.4051 
117.78 279.917 93.5559 
117.877 280.385 93.7047 
117.959 280.858 93.8469 
118.011 281.334 93.9921 
118.051 281.798 94.1756 
118.112 282.257 94.367 
118.221 282.7 94.5719 
118.336 283.139 94.7789 
118.454 283.568 95.001 
118.573 283.998 95.2127 
118.737 284.419 95.4093 
118.959 284.812 95.6014 
119.197 285.202 95.7825 
119.508 285.543 95.9599 
119.823 285.898 96.1188 
120.22 286.173 96.2595 
120.62 286.444 96.3891 
121.038 286.691 96.5144 
121.447 286.952 96.6352 
121.847 287.23 96.7496 
122.237 287.523 96.8577 
122.618 287.831 96.9646 
122.989 288.155 97.0769 
123.44 288.355 97.1965 
123.794 288.701 97.2932 
124.144 289.052 97.3683 
124.562 289.325 97.4364 
124.897 289.696 97.5067 
125.28 290.013 97.5791 
125.673 290.315 97.6453 
126.067 290.619 97.698 
126.453 290.933 97.7439 
126.855 291.228 97.7839 
127.233 291.554 97.8175 
127.621 291.87 97.8412 
128.028 292.161 97.8601 
128.422 292.467 97.8784 
128.806 292.787 97.8929 
129.165 293.136 97.909 
129.517 293.491 97.924 
129.861 293.853 97.9366 
130.201 294.221 97.9469 
130.529 294.599 97.9556 
130.847 294.985 97.9615 
131.161 295.375 97.9611 
131.474 295.765 97.9526 
131.775 296.164 97.941 
132.069 296.569 97.9232 
132.356 296.978 97.9 
132.625 297.399 97.8736 
132.883 297.827 97.8407 
133.13 298.259 97.7973 
133.371 298.695 97.7461 
133.6 299.136 97.6902 
133.823 299.579 97.6267 
134.041 300.023 97.5531 
134.247 300.471 97.4695 
134.452 300.917 97.3744 
134.665 301.357 97.2675 
134.869 301.799 97.1545 
135.086 302.233 97.0307 
135.301 302.666 96.9002 
135.505 303.104 96.7711 
135.714 303.539 96.6382 
135.936 303.968 96.507 
136.168 304.39 96.3708 
136.398 304.814 96.2388 
136.63 305.237 96.1068 
136.888 305.646 95.9789 
137.146 306.059 95.8664 
137.423 306.457 95.744 
137.707 306.848 95.616 
138.014 307.219 95.4814 
138.359 307.554 95.3442 
138.714 307.876 95.2028 
139.077 308.189 95.0591 
139.48 308.462 94.9352 
139.905 308.706 94.8243 
140.334 308.952 94.7272 
140.802 309.121 94.649 
141.282 309.254 94.5989 
141.757 309.403 94.564 
142.226 309.571 94.5501 
142.691 309.751 94.5606 
143.152 309.937 94.5923 
143.606 310.139 94.6344 
144.053 310.355 94.6848 
144.483 310.602 94.7427 
144.911 310.85 94.8077 
145.33 311.115 94.877 
145.747 311.375 94.9679 
146.166 311.629 95.0748 
146.585 311.88 95.1832 
147.001 312.134 95.2935 
147.423 312.379 95.4046 
147.839 312.634 95.5157 
148.263 312.876 95.629 
148.686 313.119 95.7373 
149.11 313.358 95.8516 
149.529 313.609 95.9576 
149.94 313.872 96.0589 
150.347 314.144 96.1572 
150.732 314.454 96.2336 
151.115 314.765 96.3139 
151.48 315.099 96.3885 
151.827 315.452 96.4601 
152.18 315.797 96.5385 
152.523 316.15 96.6246 
152.867 316.496 96.7313 
153.217 316.828 96.8572 
153.562 317.163 96.9933 
156.625 320.039 98.5913 
156.273 319.737 98.4031 
155.935 319.418 98.2162 
155.639 319.06 98.0272 
155.305 318.751 97.8181 
154.978 318.413 97.6479 
154.643 318.085 97.4739 
154.287 317.776 97.3059 
153.924 317.47 97.1494 
191.031 198.679 76.4137 
190.541 198.593 76.3897 
190.053 198.502 76.358 
189.563 198.43 76.3224 
189.075 198.341 76.287 
188.59 198.243 76.2429 
188.106 198.146 76.1923 
187.62 198.068 76.1323 
187.133 198.015 76.0602 
186.645 197.973 75.9818 
186.155 197.942 75.9004 
185.661 197.92 75.8193 
185.162 197.907 75.7368 
184.653 197.914 75.6484 
184.127 197.917 75.5449 
183.572 197.886 75.4382 
182.973 197.866 75.3252 
182.53 197.847 75.254 
182.055 197.825 75.1761 
181.567 197.803 75.0951 
181.073 197.785 75.0166 
180.578 197.763 74.9405 
180.083 197.77 74.8578 
179.585 197.798 74.7945 
179.088 197.828 74.7369 
178.59 197.853 74.6774 
178.092 197.881 74.6256 
177.594 197.922 74.5725 
177.097 197.946 74.5096 
176.6 197.974 74.4372 
176.104 198.001 74.3611 
175.605 198.023 74.2916 
175.106 198.011 74.2148 
174.612 197.966 74.1307 
174.116 197.919 74.0731 
173.618 197.914 74.0307 
173.118 197.926 74.0008 
172.618 197.949 73.9772 
172.119 197.983 73.9573 
171.622 198.049 73.9386 
171.123 198.114 73.9239 
170.621 198.149 73.9195 
170.117 198.148 73.9277 
169.616 198.128 73.956 
169.115 198.142 73.9903 
168.617 198.185 74.0244 
168.118 198.218 74.0728 
167.621 198.261 74.1225 
167.126 198.31 74.1832 
166.633 198.357 74.2574 
166.141 198.419 74.33 
165.653 198.505 74.4017 
165.165 198.592 74.4831 
164.675 198.641 74.5807 
164.181 198.683 74.667 
163.693 198.747 74.7663 
163.21 198.826 74.8719 
162.728 198.914 74.9694 
162.245 198.995 75.0752 
161.77 199.115 75.1927 
161.309 199.26 75.3292 
160.839 199.348 75.4782 
160.371 199.444 75.6263 
159.907 199.567 75.7661 
159.45 199.716 75.9056 
158.999 199.893 76.0396 
158.563 200.107 76.1758 
158.161 200.379 76.313 
157.748 200.644 76.427 
157.359 200.946 76.5313 
156.939 201.204 76.6332 
156.496 201.419 76.7431 
156.048 201.601 76.8812 
155.598 201.764 77.0371 
155.156 201.96 77.1738 
154.707 202.152 77.2893 
154.272 202.381 77.3873 
153.819 202.568 77.4873 
153.377 202.783 77.5789 
152.945 203.019 77.6632 
152.496 203.217 77.7713 
152.067 203.452 77.8828 
151.638 203.693 77.9926 
151.239 203.986 78.0858 
150.847 204.284 78.1814 
150.455 204.579 78.2863 
150.043 204.846 78.3934 
149.655 205.145 78.5052 
149.267 205.44 78.6216 
148.883 205.739 78.7381 
148.494 206.029 78.8597 
148.124 206.341 78.9849 
147.763 206.664 79.1145 
147.396 206.977 79.2515 
147.022 207.275 79.3878 
146.628 207.525 79.5247 
191.525 198.748 76.4296 
192.023 198.776 76.4482 
192.521 198.78 76.47 
193.018 198.789 76.5016 
193.515 198.797 76.5263 
194.012 198.805 76.5482 
194.508 198.802 76.5692 
195.004 198.782 76.5882 
195.5 198.765 76.6063 
195.995 198.748 76.6239 
196.487 198.715 76.6405 
196.977 198.659 76.6568 
197.463 198.575 76.6704 
197.942 198.46 76.683 
198.418 198.332 76.6939 
198.891 198.189 76.7001 
199.359 198.028 76.7027 
199.82 197.847 76.7012 
200.278 197.657 76.6952 
200.727 197.447 76.6844 
201.168 197.219 76.669 
201.611 196.995 76.6505 
202.047 196.758 76.6279 
202.482 196.521 76.6 
202.91 196.271 76.5663 
203.337 196.019 76.5286 
203.76 195.762 76.4857 
204.179 195.499 76.4381 
204.597 195.234 76.3867 
205.014 194.969 76.3323 
205.436 194.712 76.2756 
205.86 194.46 76.2173 
206.289 194.216 76.1613 
206.722 193.98 76.1076 
207.161 193.757 76.0551 
207.608 193.549 76.0058 
208.061 193.355 75.9589 
208.519 193.175 75.9171 
208.986 193.017 75.8811 
209.458 192.873 75.8517 
209.938 192.757 75.8296 
210.422 192.662 75.816 
210.91 192.586 75.8118 
211.401 192.53 75.8163 
211.893 192.494 75.8298 
212.386 192.478 75.8518 
212.878 192.479 75.8842 
213.37 192.498 75.9259 
213.859 192.538 75.9749 
214.346 192.597 76.0317 
214.831 192.674 76.0976 
215.313 192.765 76.1702 
215.791 192.872 76.2457 
216.269 192.985 76.322 
216.745 193.102 76.4008 
217.222 193.216 76.4813 
217.7 193.328 76.5597 
218.178 193.438 76.6337 
218.658 193.547 76.7019 
219.141 193.646 76.7592 
219.626 193.738 76.8077 
220.113 193.829 76.8467 
220.601 193.918 76.8764 
221.089 194.007 76.8954 
221.575 194.106 76.9055 
222.062 194.208 76.9101 
222.547 194.314 76.9111 
223.032 194.425 76.9115 
223.515 194.541 76.9129 
223.997 194.663 76.9163 
224.477 194.789 76.9257 
224.955 194.922 76.9453 
225.429 195.063 76.9735 
225.898 195.219 77.012 
226.361 195.388 77.0635 
226.818 195.569 77.1258 
227.268 195.763 77.1947 
227.712 195.97 77.2727 
228.149 196.188 77.3566 
228.576 196.429 77.4437 
229.005 196.67 77.527 
229.432 196.924 77.6044 
253.106 191.51 75 
247.044 193.804 76.0503 
246.587 193.898 76.2423 
246.128 193.987 76.4303 
245.666 194.1 76.5982 
245.199 194.209 76.7557 
244.733 194.325 76.9107 
244.266 194.44 77.0649 
243.793 194.548 77.2084 
243.314 194.634 77.3453 
242.833 194.718 77.4713 
242.35 194.805 77.5875 
241.868 194.898 77.7029 
241.386 194.993 77.8183 
240.903 195.088 77.9298 
240.42 195.185 78.0355 
239.936 195.281 78.1378 
239.449 195.364 78.2334 
238.96 195.444 78.3203 
238.47 195.525 78.3963 
237.98 195.611 78.4617 
237.49 195.7 78.5136 
237.001 195.803 78.5523 
236.511 195.905 78.5769 
236.02 196.004 78.5873 
235.53 196.105 78.5839 
235.042 196.211 78.5661 
234.555 196.324 78.5351 
234.069 196.435 78.4918 
233.585 196.547 78.434 
233.102 196.657 78.3655 
232.622 196.771 78.2877 
232.148 196.897 78.1997 
231.678 197.024 78.0971 
231.212 197.156 77.9846 
230.751 197.297 77.8649 
230.292 197.458 77.7428 
247.498 193.72 75.8479 
247.954 193.616 75.6586 
248.406 193.49 75.4742 
248.848 193.333 75.287 
249.28 193.153 75.1004 
249.707 192.947 74.9271 
250.139 192.762 74.7472 
250.57 192.575 74.5643 
251 192.387 74.3806 
251.433 192.211 74.1928 
251.864 192.035 74 
252.109 191.941 74.309 
252.325 191.725 74.7025 
252.609 191.552 75 
265.81 174.313 71.8839 
264.526 178.067 69.7369 
264.433 178.503 69.5071 
264.355 178.934 69.2623 
264.287 179.36 69.0054 
264.242 179.788 68.7458 
264.209 180.217 68.4868 
264.185 180.652 68.2386 
264.163 181.097 68.016 
264.143 181.557 67.8334 
264.129 182.032 67.7084 
264.122 182.516 67.6478 
264.126 183.003 67.6566 
264.135 183.485 67.7367 
264.153 183.956 67.8779 
264.177 184.412 68.0695 
264.179 184.853 68.3015 
264.163 185.286 68.5503 
264.121 185.713 68.8051 
264.048 186.135 69.0588 
263.932 186.552 69.3013 
263.758 186.958 69.5247 
263.538 187.346 69.7417 
263.288 187.735 69.9217 
262.996 188.104 70.0851 
262.676 188.459 70.2343 
262.342 188.811 70.3618 
261.993 189.148 70.49 
261.641 189.477 70.6251 
261.292 189.804 70.7643 
260.918 190.084 70.925 
260.528 190.326 71.107 
260.122 190.515 71.3132 
259.698 190.641 71.5335 
259.262 190.723 71.7562 
258.817 190.753 71.9768 
258.366 190.743 72.1904 
257.906 190.716 72.3857 
257.436 190.69 72.556 
256.956 190.667 72.7008 
256.471 190.643 72.8255 
255.981 190.637 72.9327 
255.493 190.664 73.0443 
255.015 190.75 73.1663 
254.545 190.879 73.2824 
254.08 191.025 73.3999 
253.621 191.189 73.519 
253.167 191.367 73.6414 
252.721 191.569 73.7575 
252.286 191.789 73.8793 
264.634 177.628 69.9568 
264.752 177.189 70.1712 
264.885 176.753 70.3821 
265.032 176.328 70.6049 
265.18 175.909 70.8402 
265.335 175.498 71.0817 
265.497 175.095 71.3347 
265.662 174.697 71.5948 
229.11 247.79 66.9156 
229.167 240.235 64.3253 
229.25 239.759 64.1952 
229.331 239.278 64.0856 
229.411 238.792 64.0037 
229.488 238.303 63.95 
229.56 237.81 63.9313 
229.622 237.317 63.95 
229.673 236.825 64.0072 
229.715 236.338 64.0995 
229.743 235.856 64.2255 
229.761 235.383 64.382 
229.778 234.914 64.5568 
229.791 234.454 64.7534 
229.804 233.999 64.9636 
229.828 233.55 65.1839 
229.854 233.102 65.4067 
229.891 232.654 65.6293 
229.942 232.207 65.8492 
230.001 231.76 66.0677 
230.069 231.312 66.2822 
230.139 230.861 66.4888 
230.214 230.407 66.6872 
230.296 229.951 66.8786 
230.395 229.494 67.0603 
230.49 229.034 67.2371 
230.582 228.571 67.4065 
230.67 228.106 67.5731 
230.749 227.639 67.7395 
230.825 227.173 67.9078 
230.89 226.707 68.0798 
230.942 226.239 68.2533 
230.982 225.772 68.4305 
231.011 225.306 68.6116 
231.031 224.84 68.797 
231.044 224.376 68.985 
231.056 223.912 69.1755 
231.062 223.446 69.3607 
231.071 222.978 69.5412 
231.086 222.508 69.7144 
231.108 222.035 69.8806 
231.138 221.56 70.0371 
231.172 221.081 70.1832 
231.209 220.601 70.3202 
231.247 220.117 70.4491 
231.281 219.632 70.5698 
231.314 219.145 70.6854 
231.339 218.657 70.7971 
231.354 218.168 70.9069 
231.355 217.679 71.0154 
231.343 217.191 71.1266 
231.313 216.705 71.2432 
231.273 216.221 71.3633 
231.223 215.738 71.4862 
231.16 215.258 71.6162 
231.076 214.786 71.7585 
230.979 214.318 71.909 
230.867 213.856 72.0665 
230.746 213.399 72.2335 
230.626 212.945 72.4081 
230.502 212.491 72.5838 
230.373 212.043 72.7671 
230.248 211.595 72.9555 
230.13 211.148 73.1476 
230.029 210.695 73.3377 
229.951 210.239 73.5284 
229.889 209.781 73.7213 
229.844 209.321 73.9126 
229.816 208.859 74.1012 
229.802 208.394 74.2879 
229.803 207.929 74.4733 
229.817 207.463 74.6578 
229.845 206.997 74.8411 
229.88 206.532 75.0247 
229.92 206.068 75.2118 
229.964 205.604 75.3971 
230.012 205.139 75.5779 
230.055 204.67 75.7508 
230.1 204.2 75.9224 
230.142 203.73 76.0924 
230.179 203.258 76.2576 
230.213 202.783 76.4132 
230.244 202.305 76.5626 
230.271 201.825 76.7057 
230.291 201.343 76.8425 
230.306 200.859 76.973 
230.316 200.373 77.0984 
230.317 199.886 77.2164 
230.312 199.397 77.3296 
230.305 198.908 77.4404 
230.295 198.42 77.5478 
230.291 197.935 77.6489 
229.088 240.708 64.471 
229.017 241.179 64.6273 
228.955 241.649 64.7889 
228.902 242.12 64.9545 
228.859 242.59 65.1218 
228.828 243.062 65.2894 
228.811 243.534 65.4564 
228.807 244.008 65.62 
228.814 244.482 65.7821 
228.83 244.957 65.9434 
228.86 245.431 66.1046 
228.899 245.904 66.2659 
228.948 246.376 66.427 
228.999 246.848 66.5888 
229.052 247.32 66.7518 
189.48 251.987 66.1066 
192.109 239.946 63.3117 
191.938 239.555 63.0616 
191.742 239.155 62.8474 
191.525 238.75 62.6684 
191.298 238.336 62.5276 
191.078 237.909 62.4281 
190.868 237.47 62.3793 
190.68 237.02 62.3852 
190.531 236.56 62.4401 
190.425 236.097 62.5462 
190.356 235.635 62.688 
190.321 235.177 62.8577 
190.321 234.73 63.0593 
190.357 234.292 63.2845 
190.424 233.866 63.5282 
190.507 233.447 63.7829 
190.596 233.033 64.0444 
190.679 232.619 64.3086 
190.753 232.204 64.5724 
190.798 231.781 64.8309 
190.807 231.354 65.087 
190.788 230.928 65.3452 
190.752 230.506 65.6089 
190.684 230.094 65.8814 
190.612 229.681 66.1519 
190.534 229.273 66.4275 
190.449 228.874 66.7148 
190.332 228.479 66.9974 
190.199 228.09 67.2814 
190.026 227.723 67.5741 
189.815 227.381 67.8714 
189.581 227.065 68.1797 
189.337 226.754 68.4839 
189.078 226.446 68.7789 
188.823 226.135 69.0736 
188.579 225.822 69.3766 
188.342 225.499 69.6738 
188.116 225.16 69.9615 
187.919 224.792 70.2359 
187.729 224.424 70.5134 
187.555 224.052 70.7955 
187.395 223.666 71.0669 
187.269 223.254 71.3185 
187.131 222.845 71.5674 
186.989 222.432 71.8083 
186.841 222.012 72.0319 
186.69 221.586 72.2391 
186.529 221.157 72.4332 
186.351 220.727 72.6118 
186.165 220.296 72.7764 
185.972 219.864 72.9293 
185.766 219.433 73.0678 
185.549 219.002 73.1931 
185.319 218.575 73.3064 
185.076 218.152 73.4071 
184.815 217.737 73.4987 
184.548 217.325 73.5848 
184.276 216.915 73.668 
183.999 216.509 73.7506 
183.713 216.108 73.8322 
183.418 215.714 73.9128 
183.111 215.331 73.9963 
182.804 214.947 74.0824 
182.496 214.565 74.1712 
182.188 214.183 74.2566 
181.879 213.8 74.3386 
181.569 213.418 74.4215 
181.269 213.029 74.5021 
180.98 212.63 74.5753 
180.7 212.223 74.6391 
180.44 211.802 74.6995 
180.172 211.385 74.7502 
179.92 210.957 74.7922 
179.682 210.521 74.8242 
179.448 210.081 74.848 
179.235 209.63 74.8534 
179.017 209.182 74.8521 
178.795 208.736 74.8358 
178.548 208.304 74.8015 
178.288 207.882 74.7434 
178.026 207.466 74.6644 
177.752 207.062 74.5651 
177.475 206.668 74.4457 
177.206 206.277 74.2977 
176.95 205.891 74.1194 
176.704 205.513 73.9143 
176.463 205.147 73.6825 
176.245 204.786 73.4222 
176.037 204.44 73.136 
175.857 204.096 72.8265 
175.698 203.758 72.4992 
175.568 203.435 72.1435 
175.465 203.124 71.7683 
175.369 202.83 71.3793 
175.264 202.533 70.998 
175.149 202.206 70.6504 
175.03 201.855 70.3374 
174.925 201.465 70.0834 
174.825 201.041 69.9083 
174.736 200.593 69.8372 
174.676 200.14 69.8756 
174.649 199.707 70.0227 
174.663 199.316 70.2659 
174.701 198.993 70.601 
174.782 198.742 70.996 
174.929 198.567 71.4205 
175.106 198.415 71.8482 
175.371 198.306 72.2454 
175.718 198.21 72.5783 
176.098 198.149 72.884 
176.498 198.113 73.1696 
176.904 198.074 73.4478 
177.335 198.031 73.6876 
177.784 197.981 73.891 
178.243 197.921 74.0718 
178.71 197.888 74.2413 
179.181 197.859 74.3969 
179.658 197.825 74.5352 
180.14 197.805 74.6609 
180.622 197.816 74.7831 
181.108 197.816 74.895 
181.592 197.825 75.0072 
182.072 197.838 75.1195 
182.538 197.853 75.2266 
192.251 240.332 63.5872 
192.367 240.711 63.882 
192.435 241.091 64.1884 
192.455 241.471 64.5019 
192.437 241.857 64.8082 
192.377 242.251 65.0978 
192.294 242.657 65.3657 
192.181 243.07 65.611 
192.049 243.496 65.8249 
191.9 243.933 66.0027 
191.746 244.381 66.1466 
191.594 244.841 66.2551 
191.438 245.306 66.3322 
191.282 245.775 66.3849 
191.138 246.251 66.4162 
190.999 246.729 66.4301 
190.866 247.209 66.431 
190.732 247.689 66.4172 
190.603 248.17 66.3949 
190.473 248.651 66.3677 
190.346 249.132 66.3361 
190.236 249.617 66.3041 
190.121 250.102 66.2692 
189.97 250.577 66.2316 
189.845 251.06 66.1944 
189.666 251.525 66.1511 
144.329 209.652 80.102 
144.618 209.242 80.0342 
144.949 208.847 79.9607 
145.333 208.472 79.8782 
145.773 208.12 79.7686 
229.863 197.183 77.6747 

@2
1 
2 
2 
2 
2 
2 
2 
2 
2 
2 
2 
2 
2 
2 
2 
2 
2 
2 
2 
2 
2 
2 
2 
2 
2 
2 
2 
2 
2 
2 
2 
2 
2 
2 
2 
2 
2 
2 
2 
2 
2 
2 
2 
2 
2 
2 
2 
2 
2 
2 
2 
2 
2 
2 
2 
2 
2 
2 
2 
2 
2 
2 
2 
2 
2 
2 
2 
2 
2 
2 
2 
2 
2 
2 
2 
2 
2 
2 
2 
2 
2 
2 
2 
2 
2 
2 
2 
2 
2 
2 
2 
2 
2 
2 
2 
2 
2 
2 
2 
2 
2 
2 
2 
2 
2 
2 
2 
2 
2 
2 
2 
2 
2 
2 
2 
2 
2 
2 
2 
2 
2 
2 
2 
2 
2 
2 
2 
2 
2 
2 
2 
2 
2 
2 
2 
2 
2 
2 
2 
2 
2 
2 
2 
2 
2 
2 
2 
2 
2 
2 
3 
2 
2 
2 
2 
2 
2 
2 
2 
2 
2 
2 
2 
2 
2 
2 
2 
2 
2 
2 
2 
2 
2 
2 
2 
2 
2 
2 
2 
2 
2 
2 
2 
2 
2 
3 
2 
2 
2 
2 
2 
2 
2 
2 
2 
2 
2 
2 
2 
2 
2 
2 
2 
2 
2 
2 
2 
2 
2 
2 
2 
2 
2 
2 
2 
2 
2 
2 
2 
2 
2 
2 
2 
2 
2 
2 
2 
2 
2 
2 
2 
2 
2 
2 
2 
2 
2 
2 
2 
2 
2 
2 
2 
2 
2 
2 
2 
2 
2 
2 
2 
1 
2 
2 
2 
2 
2 
2 
2 
2 
2 
2 
2 
2 
2 
2 
2 
2 
2 
2 
2 
2 
2 
2 
2 
2 
2 
2 
2 
2 
2 
2 
2 
2 
2 
2 
2 
2 
2 
2 
2 
2 
2 
2 
2 
2 
2 
2 
2 
2 
2 
2 
2 
2 
2 
2 
2 
2 
2 
2 
2 
2 
2 
2 
2 
2 
2 
2 
2 
2 
2 
2 
2 
2 
2 
2 
2 
2 
2 
2 
2 
2 
2 
2 
2 
2 
2 
2 
2 
2 
2 
2 
2 
2 
2 
2 
2 
2 
2 
2 
2 
2 
2 
2 
2 
2 
2 
2 
2 
2 
2 
2 
2 
2 
2 
2 
2 
2 
2 
2 
2 
2 
2 
2 
2 
2 
2 
2 
2 
2 
2 
2 
2 
2 
2 
2 
2 
2 
2 
2 
2 
2 
2 
2 
2 
2 
2 
2 
2 
2 
2 
2 
2 
2 
2 
2 
2 
2 
2 
2 
2 
2 
2 
2 
2 
2 
2 
2 
2 
2 
2 
2 
2 
2 
2 
2 
2 
2 
2 
2 
2 
2 
2 
2 
2 
2 
2 
2 
2 
2 
2 
2 
2 
2 
2 
2 
2 
2 
2 
2 
2 
2 
2 
2 
2 
2 
2 
2 
2 
2 
2 
2 
2 
2 
2 
2 
2 
2 
2 
2 
2 
2 
2 
2 
2 
2 
2 
2 
2 
2 
2 
2 
2 
2 
2 
2 
2 
2 
2 
2 
2 
2 
2 
2 
2 
2 
2 
2 
2 
2 
2 
2 
2 
2 
2 
2 
2 
2 
2 
2 
2 
2 
2 
2 
2 
2 
2 
2 
2 
2 
2 
2 
2 
2 
2 
2 
2 
2 
2 
2 
2 
2 
2 
2 
2 
2 
2 
2 
2 
2 
2 
2 
2 
2 
2 
2 
2 
2 
2 
2 
2 
2 
2 
2 
2 
2 
2 
2 
2 
2 
2 
2 
2 
2 
2 
2 
2 
2 
2 
2 
2 
2 
2 
2 
2 
2 
2 
2 
2 
2 
2 
2 
2 
2 
2 
2 
2 
2 
2 
2 
2 
2 
2 
2 
2 
2 
2 
2 
2 
2 
2 
1 
2 
2 
2 
2 
2 
2 
2 
2 
2 
2 
2 
2 
2 
2 
2 
2 
2 
2 
2 
2 
2 
2 
2 
2 
3 
2 
2 
2 
2 
2 
2 
2 
2 
2 
2 
2 
2 
2 
2 
2 
2 
2 
2 
2 
2 
2 
2 
2 
2 
2 
2 
2 
2 
2 
2 
2 
2 
2 
2 
2 
2 
2 
2 
2 
2 
2 
2 
2 
2 
2 
2 
2 
2 
2 
2 
2 
2 
2 
2 
2 
2 
2 
2 
2 
2 
2 
2 
2 
2 
2 
2 
2 
2 
2 
2 
2 
2 
2 
2 
2 
2 
2 
2 
2 
2 
2 
2 
2 
2 
2 
2 
2 
2 
2 
2 
2 
2 
2 
2 
2 
2 
2 
2 
2 
2 
2 
2 
2 
2 
2 
2 
2 
2 
2 
2 
2 
2 
2 
2 
2 
2 
2 
2 
2 
2 
2 
2 
2 
2 
2 
2 
2 
2 
2 
2 
2 
2 
2 
2 
2 
2 
2 
2 
2 
2 
2 
2 
2 
2 
2 
2 
2 
2 
2 
2 
2 
2 
2 
2 
2 
2 
2 
2 
2 
2 
2 
1 
2 
2 
2 
2 
2 
2 
2 
2 
2 
2 
2 
2 
2 
2 
2 
2 
2 
2 
2 
2 
2 
2 
2 
2 
2 
2 
2 
2 
2 
2 
2 
2 
2 
2 
2 
3 
2 
2 
2 
2 
2 
2 
2 
2 
2 
2 
3 
2 
2 
2 
1 
2 
2 
2 
2 
2 
2 
2 
2 
2 
2 
2 
2 
2 
2 
2 
2 
2 
2 
2 
2 
2 
2 
2 
2 
2 
2 
2 
2 
2 
2 
2 
2 
2 
2 
2 
2 
2 
2 
2 
2 
2 
2 
2 
2 
2 
2 
2 
2 
2 
2 
2 
2 
2 
2 
2 
2 
2 
1 
2 
2 
2 
2 
2 
2 
2 
2 
2 
2 
2 
2 
2 
2 
2 
2 
2 
2 
2 
2 
2 
2 
2 
2 
2 
2 
2 
2 
2 
2 
2 
2 
2 
2 
2 
2 
2 
2 
2 
2 
2 
2 
2 
2 
2 
2 
2 
2 
2 
2 
2 
2 
2 
2 
2 
2 
2 
2 
2 
2 
2 
2 
2 
2 
2 
2 
2 
2 
2 
2 
2 
2 
2 
2 
2 
2 
2 
2 
2 
2 
2 
2 
2 
2 
2 
2 
2 
2 
2 
2 
2 
2 
2 
2 
2 
2 
2 
2 
2 
2 
2 
2 
2 
2 
2 
2 
1 
2 
2 
2 
2 
2 
2 
2 
2 
2 
2 
2 
2 
2 
2 
2 
2 
2 
2 
2 
2 
2 
2 
2 
2 
2 
2 
2 
2 
2 
2 
2 
2 
2 
2 
2 
2 
2 
2 
2 
2 
2 
2 
2 
2 
2 
2 
2 
2 
2 
2 
2 
2 
2 
2 
2 
2 
2 
2 
2 
2 
2 
2 
2 
2 
2 
2 
2 
2 
2 
2 
2 
2 
2 
2 
2 
2 
2 
2 
2 
2 
2 
2 
2 
2 
2 
2 
2 
2 
2 
2 
2 
2 
2 
2 
2 
2 
2 
2 
2 
2 
2 
2 
2 
2 
2 
2 
2 
2 
2 
2 
2 
2 
2 
2 
2 
2 
2 
2 
2 
2 
2 
2 
2 
2 
2 
2 
2 
2 
2 
2 
2 
2 
2 
2 
2 
2 
2 
2 
2 
2 
2 
2 
2 
2 
2 
2 
2 
2 
2 
2 
2 
2 
2 
2 
2 
2 

@3
0.521743 
0.294033 
0.43008 
0.409065 
0.381432 
0.358336 
0.347492 
0.363943 
0.383447 
0.371622 
0.347819 
0.348691 
0.369943 
0.396805 
0.427749 
0.442195 
0.447235 
0.445387 
0.445859 
0.426443 
0.424183 
0.415867 
0.400162 
0.38105 
0.336428 
0.288831 
0.259232 
0.231751 
0.214763 
0.201271 
0.19829 
0.200811 
0.214295 
0.223998 
0.227335 
0.233839 
0.244602 
0.253027 
0.267013 
0.277247 
0.281822 
0.284259 
0.285226 
0.286527 
0.288832 
0.296499 
0.308597 
0.315499 
0.313891 
0.307475 
0.307387 
0.312968 
0.318868 
0.326179 
0.339525 
0.34856 
0.353802 
0.363398 
0.37716 
0.394306 
0.404129 
0.406137 
0.402411 
0.404699 
0.408645 
0.415278 
0.425652 
0.452551 
0.497967 
0.524766 
0.528161 
0.531555 
0.538158 
0.540067 
0.537297 
0.533878 
0.422115 
0.42263 
0.432103 
0.442328 
0.464651 
0.471871 
0.447914 
0.412709 
0.369435 
0.341704 
0.329065 
0.316695 
0.3079 
0.290874 
0.272593 
0.256684 
0.247418 
0.245489 
0.242891 
0.234587 
0.222791 
0.219499 
0.223119 
0.235826 
0.246583 
0.250533 
0.247772 
0.245764 
0.240423 
0.240573 
0.246572 
0.258785 
0.272389 
0.277311 
0.286021 
0.293228 
0.301045 
0.311749 
0.318146 
0.317364 
0.320999 
0.338536 
0.359302 
0.384141 
0.38619 
0.363363 
0.343256 
0.324087 
0.307284 
0.293691 
0.284796 
0.277136 
0.280752 
0.289851 
0.2988 
0.308047 
0.313833 
0.308274 
0.294212 
0.285388 
0.281148 
0.279187 
0.28962 
0.305212 
0.33718 
0.359676 
0.371334 
0.385671 
0.389205 
0.401662 
0.400437 
0.40416 
0.394331 
0.3746 
0.348694 
0.152523 
0.371224 
0.415832 
0.474563 
0.541539 
0.597072 
0.623355 
0.644317 
0.635303 
0.603296 
0.536886 
0.449171 
0.401196 
0.382604 
0.377237 
0.355184 
0.345919 
0.357851 
0.371671 
0.407025 
0.414854 
0.42258 
0.423004 
0.416247 
0.417758 
0.408292 
0.390492 
0.375047 
0.378052 
0.386559 
0.398502 
0.41908 
0.426774 
0.439231 
0.448068 
0.491524 
0.52886 
0.554652 
0.561827 
0.542665 
0.509034 
0.465752 
0.425661 
0.39871 
0.380579 
0.378535 
0.388856 
0.394558 
0.394465 
0.378814 
0.346783 
0.305963 
0.283914 
0.278084 
0.376038 
0.396945 
0.405827 
0.413439 
0.422241 
0.412274 
0.404279 
0.381517 
0.328079 
0.282812 
0.245813 
0.225281 
0.219924 
0.226727 
0.248884 
0.261241 
0.256903 
0.25285 
0.245857 
0.242222 
0.23792 
0.240407 
0.256192 
0.26906 
0.282224 
0.287815 
0.265145 
0.23559 
0.210275 
0.19418 
0.185127 
0.180247 
0.179597 
0.179006 
0.183131 
0.200694 
0.215992 
0.217287 
0.20563 
0.198092 
0.19593 
0.184872 
0.173191 
0.168058 
0.160826 
0.151673 
0.647689 
0.63759 
0.618068 
0.590254 
0.546577 
0.497425 
0.441493 
0.402423 
0.414778 
0.473554 
0.555543 
0.626384 
0.654724 
0.675126 
0.694337 
0.705237 
0.704121 
0.686926 
0.642703 
0.569613 
0.49186 
0.43542 
0.396427 
0.371126 
0.381876 
0.435588 
0.516726 
0.575437 
0.581139 
0.545739 
0.489441 
0.456241 
0.428653 
0.407912 
0.385492 
0.352364 
0.321328 
0.284695 
0.244595 
0.228869 
0.225836 
0.239573 
0.253805 
0.281548 
0.285889 
0.297593 
0.316508 
0.344484 
0.340239 
0.282234 
0.208227 
0.174683 
0.179357 
0.208062 
0.263268 
0.350056 
0.423856 
0.541036 
0.609794 
0.655317 
0.697168 
0.706383 
0.683985 
0.651518 
0.607849 
0.589194 
0.556312 
0.50196 
0.428432 
0.380133 
0.373545 
0.376981 
0.370649 
0.363797 
0.376905 
0.401289 
0.429913 
0.457288 
0.439666 
0.419677 
0.421543 
0.427067 
0.434547 
0.443468 
0.43489 
0.42322 
0.415101 
0.405507 
0.378109 
0.330376 
0.275723 
0.240393 
0.217686 
0.202817 
0.189648 
0.179421 
0.173814 
0.159793 
0.355829 
0.363588 
0.374246 
0.360921 
0.35021 
0.338782 
0.333256 
0.327835 
0.328425 
0.333018 
0.352631 
0.377984 
0.39279 
0.392559 
0.387501 
0.35447 
0.320486 
0.286271 
0.266664 
0.263556 
0.278876 
0.308534 
0.334631 
0.33457 
0.330646 
0.325578 
0.321674 
0.315435 
0.300673 
0.276919 
0.256333 
0.252728 
0.25124 
0.249528 
0.249256 
0.250788 
0.251622 
0.251748 
0.237881 
0.185323 
0.148115 
0.163234 
0.200548 
0.22267 
0.223897 
0.223196 
0.22086 
0.215444 
0.196381 
0.181818 
0.172849 
0.160789 
0.150219 
0.161101 
0.174565 
0.196519 
0.220737 
0.230156 
0.232034 
0.227578 
0.228619 
0.229503 
0.224746 
0.215302 
0.204808 
0.204943 
0.205158 
0.20687 
0.215058 
0.238053 
0.258204 
0.271533 
0.280604 
0.274989 
0.267994 
0.2558 
0.24042 
0.222277 
0.205219 
0.203272 
0.213147 
0.23091 
0.251228 
0.260349 
0.267682 
0.266037 
0.262098 
0.24906 
0.234766 
0.229509 
0.230182 
0.233745 
0.231208 
0.230994 
0.228743 
0.227906 
0.22933 
0.234853 
0.23155 
0.223185 
0.217201 
0.224791 
0.244631 
0.262107 
0.277797 
0.288943 
0.284039 
0.266763 
0.2632 
0.26788 
0.279047 
0.282957 
0.292535 
0.313897 
0.326957 
0.331752 
0.329542 
0.319772 
0.313572 
0.295785 
0.255417 
0.222114 
0.208707 
0.216265 
0.230202 
0.21576 
0.222465 
0.262722 
0.31019 
0.371758 
0.410557 
0.410782 
0.414581 
0.426949 
0.421546 
0.404213 
0.353658 
0.36396 
0.372854 
0.370095 
0.36156 
0.355678 
0.366781 
0.390413 
0.418474 
0.443362 
0.43784 
0.429694 
0.40894 
0.386932 
0.380039 
0.376914 
0.380097 
0.375309 
0.383976 
0.386249 
0.394424 
0.386478 
0.372047 
0.33546 
0.33266 
0.351162 
0.385563 
0.412667 
0.433752 
0.439783 
0.440805 
0.432003 
0.423226 
0.402797 
0.371294 
0.347208 
0.329813 
0.335358 
0.350316 
0.367625 
0.365562 
0.34388 
0.323328 
0.302857 
0.283838 
0.269244 
0.263809 
0.253071 
0.242041 
0.236727 
0.230374 
0.225208 
0.219246 
0.21845 
0.209186 
0.202757 
0.196335 
0.197658 
0.198284 
0.198596 
0.203577 
0.216661 
0.23536 
0.253305 
0.264139 
0.263011 
0.261477 
0.27173 
0.286929 
0.308822 
0.328584 
0.337999 
0.337479 
0.337918 
0.333265 
0.338241 
0.344738 
0.356139 
0.350397 
0.361847 
0.393898 
0.408182 
0.411345 
0.395302 
0.371685 
0.339645 
0.322988 
0.323368 
0.324494 
0.318965 
0.322756 
0.326096 
0.322577 
0.33009 
0.334749 
0.324823 
0.302551 
0.291371 
0.288305 
0.276434 
0.266863 
0.264453 
0.269645 
0.279685 
0.29455 
0.30744 
0.327902 
0.333069 
0.345286 
0.344967 
0.332716 
0.316586 
0.304908 
0.313865 
0.315762 
0.311188 
0.427064 
0.430916 
0.436802 
0.435617 
0.421656 
0.398162 
0.358832 
0.326334 
0.321218 
0.360482 
0.350799 
0.346256 
0.355271 
0.363861 
0.361124 
0.34728 
0.323726 
0.298953 
0.28632 
0.286724 
0.299259 
0.323055 
0.352976 
0.364269 
0.349878 
0.319546 
0.308045 
0.304235 
0.312286 
0.334907 
0.365476 
0.37895 
0.385202 
0.387127 
0.378146 
0.371197 
0.377539 
0.385917 
0.393851 
0.401268 
0.410649 
0.412932 
0.409148 
0.399409 
0.383774 
0.36931 
0.358091 
0.353438 
0.367501 
0.396917 
0.41249 
0.411399 
0.401875 
0.382424 
0.362809 
0.356893 
0.363796 
0.380797 
0.40687 
0.440344 
0.472602 
0.508686 
0.546533 
0.58528 
0.613091 
0.611671 
0.592227 
0.574149 
0.56585 
0.53951 
0.476236 
0.437576 
0.426363 
0.438004 
0.469832 
0.502975 
0.527235 
0.524882 
0.522315 
0.50926 
0.518174 
0.5146 
0.50314 
0.503683 
0.468519 
0.449452 
0.426944 
0.422531 
0.439364 
0.452186 
0.466032 
0.466933 
0.466812 
0.467484 
0.465144 
0.44492 
0.438847 
0.423388 
0.416191 
0.407371 
0.405544 
0.416997 
0.428481 
0.434163 
0.440398 
0.379162 
0.383463 
0.378686 
0.371611 
0.360954 
0.35574 
0.350358 
0.338616 
0.326536 
0.316073 
0.314811 
0.320477 
0.324618 
0.320555 
0.320432 
0.328272 
0.337921 
0.346042 
0.343109 
0.340708 
0.340136 
0.336111 
0.333941 
0.327271 
0.320089 
0.310076 
0.302102 
0.29577 
0.294055 
0.293392 
0.290836 
0.287802 
0.288202 
0.292298 
0.295278 
0.29783 
0.304881 
0.304226 
0.302399 
0.310208 
0.315 
0.314201 
0.307809 
0.298084 
0.286526 
0.276788 
0.274041 
0.27945 
0.286288 
0.292852 
0.296623 
0.300295 
0.298468 
0.288903 
0.282825 
0.280716 
0.283173 
0.289484 
0.298972 
0.296151 
0.290477 
0.287507 
0.289157 
0.288431 
0.283731 
0.283012 
0.283832 
0.286141 
0.286888 
0.285885 
0.280465 
0.280408 
0.286955 
0.291416 
0.296307 
0.297801 
0.297356 
0.305906 
0.315292 
0.318856 
0.319198 
0.316078 
0.272086 
0.354827 
0.360487 
0.357374 
0.353948 
0.36323 
0.379652 
0.382834 
0.378294 
0.371914 
0.368213 
0.375052 
0.375794 
0.372664 
0.369995 
0.366432 
0.362988 
0.363002 
0.363885 
0.360763 
0.354309 
0.34407 
0.330765 
0.322117 
0.317442 
0.314209 
0.308531 
0.303661 
0.302604 
0.302167 
0.304948 
0.313646 
0.318678 
0.3184 
0.31382 
0.307223 
0.305724 
0.343854 
0.341602 
0.342458 
0.340866 
0.342036 
0.330034 
0.313645 
0.303393 
0.295371 
0.283829 
0.272086 
0.272086 
0.272086 
0.272086 
0.322604 
0.296815 
0.295318 
0.293747 
0.290646 
0.290457 
0.292245 
0.292521 
0.291157 
0.28911 
0.283546 
0.282709 
0.287329 
0.29912 
0.315517 
0.324237 
0.313808 
0.30391 
0.298946 
0.303738 
0.316188 
0.326294 
0.348716 
0.35328 
0.359412 
0.364467 
0.363944 
0.359157 
0.327125 
0.301474 
0.28365 
0.274288 
0.267449 
0.274575 
0.292058 
0.302372 
0.308935 
0.31097 
0.309593 
0.316347 
0.333118 
0.357524 
0.368771 
0.354374 
0.332962 
0.32691 
0.332175 
0.336782 
0.327069 
0.306435 
0.304437 
0.317632 
0.319155 
0.30985 
0.306615 
0.310994 
0.314903 
0.319459 
0.289707 
0.280365 
0.278316 
0.27628 
0.273661 
0.273042 
0.272656 
0.273815 
0.276558 
0.284797 
0.29399 
0.300259 
0.293106 
0.288717 
0.284084 
0.286115 
0.292662 
0.301998 
0.306083 
0.309725 
0.310165 
0.306917 
0.304025 
0.30305 
0.304103 
0.30213 
0.296975 
0.292064 
0.288085 
0.285607 
0.287846 
0.289548 
0.291122 
0.293297 
0.296941 
0.302281 
0.304926 
0.298797 
0.291063 
0.28173 
0.274596 
0.267774 
0.26008 
0.256137 
0.256693 
0.259616 
0.263243 
0.267666 
0.274778 
0.278046 
0.279145 
0.284361 
0.292781 
0.295114 
0.292893 
0.290805 
0.291938 
0.294496 
0.297066 
0.304383 
0.308398 
0.302979 
0.297718 
0.289651 
0.28054 
0.273645 
0.266026 
0.262396 
0.266606 
0.274386 
0.284838 
0.292744 
0.296181 
0.300995 
0.305813 
0.314258 
0.319259 
0.317058 
0.312402 
0.304189 
0.294103 
0.284519 
0.280032 
0.279286 
0.282973 
0.284091 
0.277816 
0.277806 
0.287406 
0.297251 
0.302159 
0.304618 
0.279853 
0.277528 
0.272811 
0.271692 
0.273372 
0.278155 
0.280516 
0.278906 
0.276957 
0.274274 
0.274658 
0.273667 
0.272765 
0.278031 
0.286912 
0.473355 
0.276048 
0.284414 
0.280139 
0.285129 
0.289557 
0.282957 
0.278675 
0.276032 
0.264543 
0.25618 
0.256843 
0.262891 
0.271424 
0.2881 
0.30422 
0.30895 
0.305132 
0.295182 
0.290576 
0.279218 
0.275867 
0.278262 
0.28544 
0.295902 
0.303604 
0.314329 
0.328859 
0.342088 
0.352427 
0.357875 
0.361953 
0.357692 
0.33956 
0.330559 
0.322014 
0.32471 
0.31979 
0.317907 
0.339526 
0.351211 
0.351004 
0.343994 
0.333981 
0.322236 
0.310262 
0.302686 
0.297129 
0.294052 
0.293053 
0.288 
0.293142 
0.305914 
0.318573 
0.326046 
0.325954 
0.322332 
0.315873 
0.313081 
0.3141 
0.316933 
0.31574 
0.31447 
0.309167 
0.304511 
0.308019 
0.318801 
0.31992 
0.321574 
0.327521 
0.341663 
0.349106 
0.350575 
0.356079 
0.36492 
0.355649 
0.350279 
0.346942 
0.344399 
0.356619 
0.363043 
0.363198 
0.360146 
0.347517 
0.32742 
0.307138 
0.295406 
0.289128 
0.280683 
0.268044 
0.263461 
0.260889 
0.268193 
0.288226 
0.313608 
0.326797 
0.334085 
0.319517 
0.295964 
0.278473 
0.274835 
0.275291 
0.281439 
0.298821 
0.334626 
0.365076 
0.39119 
0.400388 
0.390991 
0.348245 
0.314288 
0.306581 
0.318849 
0.325181 
0.334032 
0.347642 
0.367033 
0.377674 
0.373066 
0.365416 
0.348691 
0.323913 
0.305493 
0.300839 
0.307004 
0.270142 
0.270408 
0.278396 
0.299381 
0.313978 
0.321252 
0.315991 
0.309756 
0.305312 
0.311795 
0.32262 
0.321166 
0.310441 
0.311691 
0.317703 
0.323213 
0.318381 
0.314151 
0.317731 
0.332076 
0.353581 
0.377589 
0.405854 
0.432101 
0.451717 
0.465825 
0.47086 
0.440521 
0.452107 
0.474686 
0.462205 
0.310365 

@4
75 
150 
204 
3 
76 
2 
4 
3 
5 
4 
6 
5 
7 
6 
8 
7 
9 
8 
10 
9 
11 
10 
12 
11 
13 
12 
14 
13 
15 
14 
16 
15 
17 
16 
18 
17 
19 
18 
20 
19 
21 
20 
22 
21 
23 
22 
24 
23 
25 
24 
26 
25 
27 
26 
28 
27 
29 
28 
30 
29 
31 
30 
32 
31 
33 
32 
34 
33 
35 
34 
36 
35 
37 
36 
38 
37 
39 
38 
40 
39 
41 
40 
42 
41 
43 
42 
44 
43 
45 
44 
46 
45 
47 
46 
48 
47 
49 
48 
50 
49 
51 
50 
52 
51 
53 
52 
54 
53 
55 
54 
56 
55 
57 
56 
58 
57 
59 
58 
60 
59 
61 
60 
62 
61 
63 
62 
64 
63 
65 
64 
66 
65 
67 
66 
68 
67 
69 
68 
70 
69 
71 
70 
72 
71 
73 
72 
74 
73 
75 
74 
0 
2 
77 
76 
78 
77 
79 
78 
80 
79 
81 
80 
82 
81 
83 
82 
84 
83 
85 
84 
86 
85 
87 
86 
88 
87 
89 
88 
90 
89 
91 
90 
92 
91 
93 
92 
94 
93 
95 
94 
96 
95 
97 
96 
98 
97 
99 
98 
100 
99 
101 
100 
102 
101 
103 
102 
104 
103 
105 
104 
106 
105 
107 
106 
108 
107 
109 
108 
110 
109 
111 
110 
112 
111 
113 
112 
114 
113 
115 
114 
116 
115 
117 
116 
118 
117 
119 
118 
120 
119 
121 
120 
122 
121 
123 
122 
124 
123 
125 
124 
126 
125 
127 
126 
128 
127 
129 
128 
130 
129 
131 
130 
132 
131 
133 
132 
134 
133 
135 
134 
136 
135 
137 
136 
138 
137 
139 
138 
140 
139 
141 
140 
142 
141 
143 
142 
144 
143 
145 
144 
146 
145 
147 
146 
148 
147 
149 
148 
150 
1 
484 
149 
250 
348 
153 
205 
152 
154 
153 
155 
154 
156 
155 
157 
156 
158 
157 
159 
158 
160 
159 
161 
160 
162 
161 
163 
162 
164 
163 
165 
164 
166 
165 
167 
166 
168 
167 
169 
168 
170 
169 
171 
170 
172 
171 
173 
172 
174 
173 
175 
174 
176 
175 
177 
176 
178 
177 
179 
178 
180 
179 
181 
180 
182 
181 
183 
182 
184 
183 
185 
184 
705 
1159 
187 
1155 
186 
188 
187 
189 
188 
190 
189 
191 
190 
192 
191 
193 
192 
194 
193 
195 
194 
196 
195 
197 
196 
198 
197 
199 
198 
200 
199 
201 
200 
202 
201 
203 
202 
204 
203 
1 
152 
206 
205 
207 
206 
208 
207 
209 
208 
210 
209 
211 
210 
212 
211 
213 
212 
214 
213 
215 
214 
216 
215 
217 
216 
218 
217 
219 
218 
220 
219 
221 
220 
222 
221 
223 
222 
224 
223 
225 
224 
226 
225 
227 
226 
228 
227 
229 
228 
230 
229 
231 
230 
232 
231 
233 
232 
234 
233 
235 
234 
236 
235 
237 
236 
238 
237 
239 
238 
240 
239 
241 
240 
242 
241 
243 
242 
244 
243 
245 
244 
246 
245 
247 
246 
248 
247 
249 
248 
250 
249 
151 
252 
253 
251 
252 
254 
253 
255 
254 
256 
255 
257 
256 
258 
257 
259 
258 
260 
259 
261 
260 
262 
261 
263 
262 
264 
263 
265 
264 
266 
265 
267 
266 
268 
267 
269 
268 
270 
269 
271 
270 
272 
271 
273 
272 
274 
273 
275 
274 
276 
275 
277 
276 
278 
277 
279 
278 
280 
279 
281 
280 
282 
281 
283 
284 
282 
283 
285 
284 
286 
285 
287 
286 
288 
287 
289 
288 
290 
289 
291 
290 
292 
291 
293 
292 
294 
293 
295 
294 
296 
295 
297 
296 
298 
297 
299 
298 
300 
299 
301 
300 
302 
301 
303 
302 
304 
303 
305 
304 
306 
305 
307 
306 
308 
307 
309 
308 
310 
309 
311 
310 
312 
311 
313 
312 
314 
313 
315 
314 
316 
315 
317 
316 
318 
317 
319 
318 
320 
319 
321 
320 
322 
321 
323 
322 
324 
323 
325 
324 
326 
325 
327 
326 
328 
327 
329 
328 
330 
329 
331 
330 
332 
331 
333 
332 
334 
333 
335 
334 
336 
335 
337 
336 
338 
337 
339 
338 
340 
339 
341 
340 
342 
341 
343 
342 
344 
343 
345 
344 
346 
345 
347 
346 
348 
347 
151 
350 
485 
349 
351 
350 
352 
351 
353 
352 
354 
353 
355 
354 
356 
355 
357 
356 
358 
357 
359 
358 
360 
359 
361 
360 
362 
361 
363 
362 
364 
363 
365 
364 
366 
365 
367 
366 
368 
367 
369 
368 
370 
369 
371 
370 
372 
371 
373 
372 
374 
373 
375 
374 
376 
375 
377 
376 
378 
377 
379 
378 
380 
379 
381 
380 
382 
381 
383 
382 
384 
383 
385 
384 
386 
385 
387 
386 
388 
387 
389 
388 
390 
389 
391 
390 
392 
391 
393 
392 
394 
393 
395 
394 
396 
395 
397 
396 
398 
397 
399 
398 
400 
399 
401 
400 
402 
401 
403 
402 
404 
403 
405 
404 
406 
405 
407 
406 
408 
407 
409 
408 
410 
409 
411 
410 
412 
411 
413 
412 
414 
413 
415 
414 
416 
415 
417 
416 
418 
417 
419 
418 
420 
419 
421 
420 
422 
421 
423 
422 
424 
423 
425 
424 
426 
425 
427 
426 
428 
427 
429 
428 
430 
429 
431 
430 
432 
431 
433 
432 
434 
433 
435 
434 
436 
435 
437 
436 
438 
437 
439 
438 
440 
439 
441 
440 
442 
441 
443 
442 
444 
443 
445 
444 
446 
445 
447 
446 
448 
447 
449 
448 
450 
449 
451 
450 
452 
451 
453 
452 
454 
453 
455 
454 
456 
455 
457 
456 
458 
457 
459 
458 
460 
459 
461 
460 
462 
461 
463 
462 
464 
463 
465 
464 
466 
465 
467 
466 
468 
467 
469 
468 
470 
469 
471 
470 
472 
471 
473 
472 
474 
473 
475 
474 
476 
475 
477 
476 
478 
477 
479 
478 
480 
479 
481 
480 
482 
481 
483 
482 
484 
483 
150 
349 
486 
485 
487 
486 
488 
487 
489 
488 
490 
489 
491 
490 
492 
491 
493 
492 
494 
493 
495 
494 
496 
495 
497 
496 
498 
497 
499 
498 
500 
499 
501 
500 
502 
501 
503 
502 
504 
503 
505 
504 
506 
505 
507 
506 
508 
507 
509 
508 
510 
509 
511 
510 
512 
511 
513 
512 
514 
513 
515 
514 
516 
515 
517 
516 
518 
517 
519 
518 
520 
519 
521 
520 
522 
521 
523 
522 
524 
523 
525 
524 
526 
525 
527 
526 
528 
527 
529 
528 
530 
529 
531 
530 
532 
531 
533 
532 
534 
533 
535 
534 
536 
535 
537 
536 
538 
537 
539 
538 
540 
539 
541 
540 
542 
541 
543 
542 
544 
543 
545 
544 
546 
545 
547 
546 
548 
547 
549 
548 
550 
549 
551 
550 
552 
551 
553 
552 
554 
553 
555 
554 
556 
555 
557 
556 
558 
557 
559 
558 
560 
559 
561 
560 
562 
561 
563 
562 
564 
563 
565 
564 
566 
565 
567 
566 
568 
567 
569 
568 
570 
569 
571 
570 
572 
571 
573 
572 
574 
573 
575 
574 
576 
575 
577 
576 
578 
577 
579 
578 
580 
579 
581 
580 
582 
581 
583 
582 
584 
583 
585 
584 
586 
585 
587 
586 
588 
587 
589 
588 
590 
589 
591 
590 
592 
591 
593 
592 
594 
593 
595 
594 
596 
595 
597 
596 
598 
597 
599 
598 
600 
599 
609 
602 
603 
601 
602 
604 
603 
605 
604 
606 
605 
607 
606 
608 
607 
609 
608 
600 
611 
706 
610 
612 
611 
613 
612 
614 
613 
615 
614 
616 
615 
617 
616 
618 
617 
619 
618 
620 
619 
621 
620 
622 
621 
623 
622 
624 
623 
625 
624 
626 
625 
1128 
627 
628 
626 
627 
629 
628 
630 
629 
631 
630 
632 
631 
633 
632 
634 
633 
635 
634 
636 
635 
637 
636 
638 
637 
639 
638 
640 
639 
641 
640 
642 
641 
643 
642 
644 
643 
645 
644 
646 
645 
647 
646 
648 
647 
649 
648 
650 
649 
651 
650 
652 
651 
653 
652 
654 
653 
655 
654 
656 
655 
657 
656 
658 
657 
659 
658 
660 
659 
661 
660 
662 
661 
663 
662 
664 
663 
665 
664 
666 
665 
667 
666 
668 
667 
669 
668 
670 
669 
671 
670 
672 
671 
673 
672 
674 
673 
675 
674 
676 
675 
677 
676 
678 
677 
679 
678 
680 
679 
681 
680 
682 
681 
683 
682 
684 
683 
685 
684 
686 
685 
687 
686 
688 
687 
689 
688 
690 
689 
691 
690 
692 
691 
693 
692 
694 
693 
695 
694 
696 
695 
697 
696 
698 
697 
699 
698 
700 
699 
701 
700 
702 
701 
703 
702 
704 
703 
705 
704 
185 
610 
707 
706 
708 
707 
709 
708 
710 
709 
711 
710 
712 
711 
713 
712 
714 
713 
715 
714 
716 
715 
717 
716 
718 
717 
719 
718 
720 
719 
721 
720 
722 
721 
723 
722 
724 
723 
725 
724 
726 
725 
727 
726 
728 
727 
729 
728 
730 
729 
731 
730 
732 
731 
733 
732 
734 
733 
735 
734 
736 
735 
737 
736 
738 
737 
739 
738 
740 
739 
741 
740 
742 
741 
743 
742 
744 
743 
745 
744 
746 
745 
747 
746 
748 
747 
749 
748 
750 
749 
751 
750 
752 
751 
753 
752 
754 
753 
755 
754 
756 
755 
757 
756 
758 
757 
759 
758 
760 
759 
761 
760 
762 
761 
763 
762 
764 
763 
765 
764 
766 
765 
767 
766 
768 
767 
769 
768 
770 
769 
771 
770 
772 
771 
773 
772 
774 
773 
775 
774 
776 
775 
777 
776 
778 
777 
779 
778 
780 
779 
781 
780 
782 
781 
783 
782 
784 
783 
785 
784 
786 
785 
787 
786 
1160 
838 
790 
825 
789 
791 
790 
792 
791 
793 
792 
794 
793 
795 
794 
796 
795 
797 
796 
798 
797 
799 
798 
800 
799 
801 
800 
802 
801 
803 
802 
804 
803 
805 
804 
806 
805 
807 
806 
808 
807 
809 
808 
810 
809 
811 
810 
812 
811 
813 
812 
814 
813 
815 
814 
816 
815 
817 
816 
818 
817 
819 
818 
820 
819 
821 
820 
822 
821 
823 
822 
824 
823 
988 
1160 
789 
826 
825 
827 
826 
828 
827 
829 
828 
830 
829 
831 
830 
832 
831 
833 
832 
834 
835 
833 
834 
836 
888 
835 
837 
836 
838 
837 
788 
896 
841 
889 
840 
842 
841 
843 
842 
844 
843 
845 
844 
846 
845 
847 
846 
848 
847 
849 
848 
850 
849 
851 
850 
852 
851 
853 
852 
854 
853 
855 
854 
856 
855 
857 
856 
858 
857 
859 
858 
860 
859 
861 
860 
862 
861 
863 
862 
864 
863 
865 
864 
866 
865 
867 
866 
868 
867 
869 
868 
870 
869 
871 
870 
872 
871 
873 
872 
874 
873 
875 
874 
876 
875 
877 
876 
878 
877 
879 
878 
880 
879 
881 
880 
882 
881 
883 
882 
884 
883 
885 
884 
886 
885 
887 
886 
888 
887 
835 
840 
890 
889 
891 
890 
892 
891 
893 
892 
894 
893 
895 
894 
896 
895 
839 
1003 
899 
989 
898 
900 
899 
901 
900 
902 
901 
903 
902 
904 
903 
905 
904 
906 
905 
907 
906 
908 
907 
909 
908 
910 
909 
911 
910 
912 
911 
913 
912 
914 
913 
915 
914 
916 
915 
917 
916 
918 
917 
919 
918 
920 
919 
921 
920 
922 
921 
923 
922 
924 
923 
925 
924 
926 
925 
927 
926 
928 
927 
929 
928 
930 
929 
931 
930 
932 
931 
933 
932 
934 
933 
935 
934 
936 
935 
937 
936 
938 
937 
939 
938 
940 
939 
941 
940 
942 
941 
943 
942 
944 
943 
945 
944 
946 
945 
947 
946 
948 
947 
949 
948 
950 
949 
951 
950 
952 
951 
953 
952 
954 
953 
955 
954 
956 
955 
957 
956 
958 
957 
959 
958 
960 
959 
961 
960 
962 
961 
963 
962 
964 
963 
965 
964 
966 
965 
967 
966 
968 
967 
969 
968 
970 
969 
971 
970 
972 
971 
973 
972 
974 
973 
975 
974 
976 
975 
977 
976 
978 
977 
979 
978 
980 
979 
981 
980 
982 
981 
983 
982 
984 
983 
985 
984 
986 
985 
987 
986 
988 
987 
824 
898 
990 
989 
991 
990 
992 
991 
993 
992 
994 
993 
995 
994 
996 
995 
997 
996 
998 
997 
999 
998 
1000 
999 
1001 
1000 
1002 
1001 
1003 
1002 
897 
1154 
1006 
1129 
1005 
1007 
1006 
1008 
1007 
1009 
1008 
1010 
1009 
1011 
1010 
1012 
1011 
1013 
1012 
1014 
1013 
1015 
1014 
1016 
1015 
1017 
1016 
1018 
1017 
1019 
1018 
1020 
1019 
1021 
1020 
1022 
1021 
1023 
1022 
1024 
1023 
1025 
1024 
1026 
1025 
1027 
1026 
1028 
1027 
1029 
1028 
1030 
1029 
1031 
1030 
1032 
1031 
1033 
1032 
1034 
1033 
1035 
1034 
1036 
1035 
1037 
1036 
1038 
1037 
1039 
1038 
1040 
1039 
1041 
1040 
1042 
1041 
1043 
1042 
1044 
1043 
1045 
1044 
1046 
1045 
1047 
1046 
1048 
1047 
1049 
1048 
1050 
1049 
1051 
1050 
1052 
1051 
1053 
1052 
1054 
1053 
1055 
1054 
1056 
1055 
1057 
1056 
1058 
1057 
1059 
1058 
1060 
1059 
1061 
1060 
1062 
1061 
1063 
1062 
1064 
1063 
1065 
1064 
1066 
1065 
1067 
1066 
1068 
1067 
1069 
1068 
1070 
1069 
1071 
1070 
1072 
1071 
1073 
1072 
1074 
1073 
1075 
1074 
1076 
1075 
1077 
1076 
1078 
1077 
1079 
1078 
1080 
1079 
1081 
1080 
1082 
1081 
1083 
1082 
1084 
1083 
1085 
1084 
1086 
1085 
1087 
1086 
1088 
1087 
1089 
1088 
1090 
1089 
1091 
1090 
1092 
1091 
1093 
1092 
1094 
1093 
1095 
1094 
1096 
1095 
1097 
1096 
1098 
1097 
1099 
1098 
1100 
1099 
1101 
1100 
1102 
1101 
1103 
1102 
1104 
1103 
1105 
1104 
1106 
1105 
1107 
1106 
1108 
1107 
1109 
1108 
1110 
1109 
1111 
1110 
1112 
1111 
1113 
1112 
1114 
1113 
1115 
1114 
1116 
1115 
1117 
1116 
1118 
1117 
1119 
1118 
1120 
1119 
1121 
1120 
1122 
1121 
1123 
1122 
1124 
1123 
1125 
1124 
1126 
1125 
1127 
1126 
1128 
1127 
626 
1005 
1130 
1129 
1131 
1130 
1132 
1131 
1133 
1132 
1134 
1133 
1135 
1134 
1136 
1135 
1137 
1136 
1138 
1137 
1139 
1138 
1140 
1139 
1141 
1140 
1142 
1141 
1143 
1142 
1144 
1143 
1145 
1144 
1146 
1145 
1147 
1146 
1148 
1147 
1149 
1148 
1150 
1149 
1151 
1150 
1152 
1151 
1153 
1152 
1154 
1153 
1004 
186 
1156 
1155 
1157 
1156 
1158 
1157 
1159 
1158 
185 
787 
824 

@6
0 
0 
0 
0 
0 
0 
0 
0 
0 
0 
0 
0 
0 
0 
0 
0 
0 
0 
0 
0 
0 
0 
0 
0 
0 
0 
0 
0 
0 
0 
0 
0 
0 
0 
0 
0 
0 
0 
0 
0 
0 
0 
0 
0 
0 
0 
0 
0 
0 
0 
0 
0 
0 
0 
0 
0 
0 
0 
0 
0 
0 
0 
0 
0 
0 
0 
0 
0 
0 
0 
0 
0 
0 
0 
0 
0 
0 
0 
0 
0 
0 
0 
0 
0 
0 
0 
0 
0 
0 
0 
0 
0 
0 
0 
0 
0 
0 
0 
0 
0 
0 
0 
0 
0 
0 
0 
0 
0 
0 
0 
0 
0 
0 
0 
0 
0 
0 
0 
0 
0 
0 
0 
0 
0 
0 
0 
0 
0 
0 
0 
0 
0 
0 
0 
0 
0 
0 
0 
0 
0 
0 
0 
0 
0 
0 
0 
0 
0 
0 
0 
0 
0 
0 
0 
0 
0 
0 
0 
0 
0 
0 
0 
0 
0 
0 
0 
0 
0 
0 
0 
0 
0 
0 
0 
0 
0 
0 
0 
0 
0 
0 
0 
0 
0 
0 
0 
0 
0 
0 
0 
0 
0 
0 
0 
0 
0 
0 
0 
0 
0 
0 
0 
0 
0 
0 
0 
0 
0 
0 
0 
0 
0 
0 
0 
0 
0 
0 
0 
0 
0 
0 
0 
0 
0 
0 
0 
0 
0 
0 
0 
0 
0 
0 
0 
0 
0 
0 
0 
0 
0 
0 
0 
0 
0 
0 
0 
0 
0 
0 
0 
0 
0 
0 
0 
0 
0 
0 
0 
0 
0 
0 
0 
0 
0 
0 
0 
0 
0 
0 
0 
0 
0 
0 
0 
0 
0 
0 
0 
0 
0 
0 
0 
0 
0 
0 
0 
0 
0 
0 
0 
0 
0 
0 
0 
0 
0 
0 
0 
0 
0 
0 
0 
0 
0 
0 
0 
0 
0 
0 
0 
0 
0 
0 
0 
0 
0 
0 
0 
0 
0 
0 
0 
0 
0 
0 
0 
0 
0 
0 
0 
0 
0 
0 
0 
0 
0 
0 
0 
0 
0 
0 
0 
0 
0 
0 
0 
0 
0 
0 
0 
0 
0 
0 
0 
0 
0 
0 
0 
0 
0 
0 
0 
0 
0 
0 
0 
0 
0 
0 
0 
0 
0 
0 
0 
0 
0 
0 
0 
0 
0 
0 
0 
0 
0 
0 
0 
0 
0 
0 
0 
0 
0 
0 
0 
0 
0 
0 
0 
0 
0 
0 
0 
0 
0 
0 
0 
0 
0 
0 
0 
0 
0 
0 
0 
0 
0 
0 
0 
0 
0 
0 
0 
0 
0 
0 
0 
0 
0 
0 
0 
0 
0 
0 
0 
0 
0 
0 
0 
0 
0 
0 
0 
0 
0 
0 
0 
0 
0 
0 
0 
0 
0 
0 
0 
0 
0 
0 
0 
0 
0 
0 
0 
0 
0 
0 
0 
0 
0 
0 
0 
0 
0 
0 
0 
0 
0 
0 
0 
0 
0 
0 
0 
0 
0 
0 
0 
0 
0 
0 
0 
0 
0 
0 
0 
0 
0 
0 
0 
0 
0 
0 
0 
0 
0 
0 
0 
0 
0 
0 
0 
0 
0 
0 
0 
0 
0 
0 
0 
0 
0 
0 
0 
0 
0 
0 
0 
0 
0 
0 
0 
0 
0 
0 
0 
0 
0 
0 
0 
0 
0 
0 
0 
0 
0 
0 
0 
0 
0 
0 
0 
0 
0 
0 
0 
0 
0 
0 
0 
0 
0 
0 
0 
0 
0 
0 
0 
0 
0 
0 
0 
0 
0 
0 
0 
0 
0 
0 
0 
0 
0 
0 
0 
0 
0 
0 
0 
0 
0 
0 
0 
0 
0 
0 
0 
0 
0 
0 
0 
0 
0 
0 
0 
0 
0 
0 
0 
0 
0 
0 
0 
0 
0 
0 
0 
0 
0 
0 
0 
0 
0 
0 
0 
0 
0 
0 
0 
0 
0 
0 
0 
0 
0 
0 
0 
0 
0 
0 
0 
0 
0 
0 
0 
0 
0 
0 
0 
0 
0 
0 
0 
0 
0 
0 
0 
0 
0 
0 
0 
0 
0 
0 
0 
0 
0 
0 
0 
0 
0 
0 
0 
0 
0 
0 
0 
0 
0 
0 
0 
0 
0 
0 
0 
0 
0 
0 
0 
0 
0 
0 
0 
0 
0 
0 
0 
0 
0 
0 
0 
0 
0 
0 
0 
0 
0 
0 
0 
0 
0 
0 
0 
0 
0 
0 
0 
0 
0 
0 
0 
0 
0 
0 
0 
0 
0 
0 
0 
0 
0 
0 
0 
0 
0 
0 
0 
0 
0 
0 
0 
0 
0 
0 
0 
0 
0 
0 
0 
0 
0 
0 
0 
0 
0 
0 
0 
0 
0 
0 
0 
0 
0 
0 
0 
0 
0 
0 
0 
0 
0 
0 
0 
0 
0 
0 
0 
0 
0 
0 
0 
0 
0 
0 
0 
0 
0 
0 
0 
0 
0 
0 
0 
0 
0 
0 
0 
0 
0 
0 
0 
0 
0 
0 
0 
0 
0 
0 
0 
0 
0 
0 
0 
0 
0 
0 
0 
0 
0 
0 
0 
0 
0 
0 
0 
0 
0 
0 
0 
0 
0 
0 
0 
0 
0 
0 
0 
0 
0 
0 
0 
0 
0 
0 
0 
0 
0 
0 
0 
0 
0 
0 
0 
0 
0 
0 
0 
0 
0 
0 
0 
0 
0 
0 
0 
0 
0 
0 
0 
0 
0 
0 
0 
0 
0 
0 
0 
0 
0 
0 
0 
0 
0 
0 
0 
0 
0 
0 
0 
0 
0 
0 
0 
0 
0 
0 
0 
0 
0 
0 
0 
0 
0 
0 
0 
0 
0 
0 
0 
0 
0 
0 
0 
0 
0 
0 
0 
0 
0 
0 
0 
0 
0 
0 
0 
0 
0 
0 
0 
0 
0 
0 
0 
0 
0 
0 
0 
0 
0 
0 
0 
0 
0 
0 
0 
0 
0 
0 
0 
0 
0 
0 
0 
0 
0 
0 
0 
0 
0 
0 
0 
0 
0 
0 
0 
0 
0 
0 
0 
0 
0 
0 
0 
0 
0 
0 
0 
0 
0 
0 
0 
0 
0 
0 
0 
0 
0 
0 
0 
0 
0 
0 
0 
0 
0 
0 
0 
0 
0 
0 
0 
0 
0 
0 
0 
0 
0 
0 
0 
0 
0 
0 
0 
0 
0 
0 
0 
0 
0 
0 
0 
0 
0 
0 
0 
0 
0 
0 
0 
0 
0 
0 
0 
0 
0 
0 
0 
0 
0 
0 
0 
0 
0 
0 
0 
0 
0 
0 
0 
0 
0 
0 
0 
0 
0 
0 
0 
0 
0 
0 
0 
0 
0 
0 
0 
0 
0 
0 
0 
0 
0 
0 
0 
0 
0 
0 
0 
0 
0 
0 
0 
0 
0 
0 
0 
0 
0 
0 
0 
0 
0 
0 
0 
0 
0 
0 
0 
0 
0 
0 
0 
0 
0 
0 
0 
0 
0 
0 
0 
0 
0 
0 
0 
0 
0 
0 
0 
0 
0 
0 
0 
0 
0 
0 
0 
0 
0 
0 
0 
0 
0 
0 
0 
0 
0 
0 
0 
0 
0 
0 
0 
0 
0 
0 
0 
0 
0 
0 
0 
0 
0 
0 
0 
0 
0 
0 
0 
0 
0 
0 
0 
0 
0 
0 

