# AmiraMesh 3D ASCII 2.0

# CreationDate: Fri Sep 17 22:47:57 2010


nVertices 1083
nEdges 2162
define Origins 0
define vertexTypeList 0

Parameters {
    Materials {
    }
    Fitting {
        CVFact 0.1,
        CRFact 0.1,
        OVFact 0.1,
        ORFact 0.1,
        IVFact 0.5,
        IRFact 0.5,
        StepSize 0.5
    }
    ContentType "SkeletonGraph"
}

Vertices { float[3] Coordinates } @1
Vertices { int NeighbourCount } @2
Vertices { float Radii } @3
EdgeData { int NeighbourList } @4
Origins { int Origins } @5
Vertices { int vertexTypeCounter } @6
vertexTypeList { int vertexTypeList } @7

# Data section follows
@1
281.767 174.286 123.005 
278.395 196.584 109.019 
277.411 185.436 117.244 
277.535 185.126 117.62 
277.68 184.818 117.996 
277.934 184.572 118.362 
278.08 184.197 118.675 
278.324 183.936 119.035 
278.504 183.638 119.4 
278.7 183.334 119.755 
278.964 183.078 120.101 
279.238 182.798 120.417 
279.485 182.494 120.737 
279.687 182.137 121.037 
279.796 181.712 121.294 
279.859 181.282 121.545 
279.876 180.847 121.79 
279.871 180.417 122.044 
279.838 179.975 122.275 
279.752 179.532 122.487 
279.689 179.086 122.695 
279.587 178.639 122.877 
279.517 178.176 123.005 
279.479 177.708 123.102 
279.521 177.236 123.155 
279.616 176.77 123.176 
279.77 176.319 123.169 
279.977 175.888 123.146 
280.248 175.493 123.118 
280.583 175.152 123.093 
280.963 174.854 123.07 
281.358 174.563 123.032 
277.241 185.693 116.852 
277.099 185.999 116.485 
276.948 186.32 116.138 
276.813 186.671 115.812 
276.699 187.034 115.491 
276.605 187.407 115.176 
276.53 187.791 114.869 
276.497 188.178 114.558 
276.54 188.577 114.265 
276.607 188.982 113.984 
276.727 189.373 113.7 
276.862 189.751 113.403 
277.023 190.138 113.131 
277.213 190.504 112.845 
277.4 190.873 112.56 
277.618 191.212 112.259 
277.806 191.567 111.959 
277.994 191.962 111.713 
278.164 192.371 111.478 
278.335 192.771 111.23 
278.512 193.172 110.987 
278.637 193.586 110.734 
278.734 193.994 110.459 
278.765 194.423 110.202 
278.745 194.857 109.956 
278.699 195.294 109.721 
278.615 195.729 109.491 
278.504 196.157 109.257 
285.111 210.679 97.4751 
284.994 210.372 97.8559 
284.897 210.056 98.2346 
284.804 209.737 98.6116 
284.727 209.402 98.9783 
284.673 209.06 99.3421 
284.628 208.743 99.7283 
284.562 208.422 100.109 
284.49 208.075 100.462 
284.36 207.768 100.837 
284.241 207.455 101.21 
284.116 207.09 101.532 
283.889 206.792 101.867 
283.69 206.43 102.151 
283.468 206.056 102.397 
283.215 205.702 102.643 
282.946 205.355 102.886 
282.671 205.02 103.14 
282.435 204.64 103.367 
282.207 204.251 103.588 
281.974 203.863 103.805 
281.69 203.515 104.035 
281.487 203.092 104.219 
281.23 202.708 104.416 
280.969 202.323 104.606 
280.684 201.957 104.802 
280.438 201.554 104.988 
280.082 201.274 105.221 
279.779 200.943 105.452 
279.499 200.606 105.693 
279.212 200.333 105.999 
278.936 200.066 106.33 
278.737 199.734 106.654 
278.575 199.368 106.96 
278.425 199.04 107.317 
278.343 198.661 107.643 
278.261 198.277 107.96 
278.222 197.872 108.26 
278.225 197.439 108.521 
278.275 197.003 108.768 
285.268 210.951 97.0839 
285.418 211.26 96.7185 
285.611 211.55 96.3575 
285.776 211.89 96.0279 
285.953 212.23 95.704 
286.123 212.587 95.3937 
286.296 212.954 95.097 
286.51 213.263 94.7567 
286.584 213.666 94.4566 
286.685 214.076 94.1787 
286.836 214.448 93.8737 
286.977 214.842 93.5931 
287.042 215.279 93.351 
287.089 215.733 93.1426 
287.147 216.179 92.922 
287.215 216.619 92.6934 
287.261 217.05 92.4439 
287.277 217.47 92.1736 
287.262 217.891 91.9074 
287.277 218.287 91.6039 
287.305 218.662 91.2709 
287.358 218.975 90.8783 
287.449 219.179 90.4213 
287.484 219.165 89.9206 
287.599 219.065 89.4551 
287.728 218.893 89.0188 
287.82 218.688 88.5867 
287.916 218.452 88.17 
288.012 218.176 87.7767 
288.119 217.879 87.3961 
288.242 217.567 87.0118 
265.55 200.84 80.9609 
276.774 207.967 84.3595 
277.122 208.304 84.4865 
277.47 208.642 84.6074 
277.808 208.997 84.7095 
278.158 209.341 84.8091 
278.484 209.712 84.8962 
278.842 210.052 84.9914 
279.226 210.363 85.0831 
279.583 210.707 85.1634 
279.979 211.007 85.2381 
280.374 211.312 85.2928 
280.775 211.61 85.3385 
281.154 211.937 85.3743 
281.569 212.221 85.4051 
281.991 212.492 85.4454 
282.379 212.809 85.4953 
282.823 213.046 85.5144 
283.267 213.28 85.5274 
283.721 213.491 85.5401 
284.177 213.696 85.5743 
284.57 214 85.6231 
284.971 214.292 85.6789 
285.356 214.606 85.7341 
285.704 214.961 85.797 
286.052 215.316 85.8683 
286.33 215.725 85.9676 
286.658 216.094 86.0678 
286.934 216.505 86.1796 
287.325 216.818 86.2786 
287.758 217.081 86.3897 
288.232 217.328 86.5189 
276.445 207.616 84.2217 
276.115 207.277 84.0611 
275.775 206.946 83.9045 
275.429 206.628 83.7373 
275.054 206.346 83.5703 
274.678 206.047 83.4286 
274.272 205.792 83.2797 
273.836 205.584 83.1469 
273.393 205.379 83.0321 
272.919 205.251 82.9288 
272.457 205.095 82.8074 
271.992 204.949 82.689 
271.537 204.757 82.5968 
271.119 204.489 82.516 
270.746 204.165 82.4427 
270.409 203.808 82.3631 
270.052 203.473 82.2824 
269.692 203.149 82.1788 
269.348 202.82 82.0623 
268.977 202.532 81.9427 
268.594 202.266 81.8193 
268.204 202.013 81.6822 
267.762 201.844 81.5492 
267.327 201.637 81.4235 
266.853 201.502 81.3206 
266.414 201.275 81.211 
266.003 201.018 81.0824 
249.845 193.761 76.4972 
250.335 193.807 76.5661 
250.819 193.869 76.6515 
251.296 193.944 76.7599 
251.766 194.055 76.8766 
252.232 194.174 77.0038 
252.694 194.311 77.1366 
253.156 194.452 77.2646 
253.619 194.598 77.3867 
254.079 194.742 77.5181 
254.535 194.899 77.6463 
254.983 195.073 77.7793 
255.417 195.274 77.9232 
255.853 195.473 78.0671 
256.289 195.646 78.2403 
256.718 195.832 78.4169 
257.143 196.019 78.6017 
257.579 196.194 78.7716 
257.995 196.417 78.9282 
258.41 196.645 79.0778 
258.812 196.905 79.2063 
259.21 197.177 79.3267 
259.61 197.453 79.4367 
260.012 197.731 79.5395 
260.397 198.038 79.6314 
260.817 198.306 79.7035 
261.234 198.574 79.7947 
261.684 198.775 79.8939 
262.105 199.023 80.0022 
262.537 199.245 80.1229 
262.956 199.495 80.2348 
263.395 199.712 80.344 
263.848 199.901 80.453 
264.258 200.169 80.5652 
264.689 200.404 80.679 
265.13 200.598 80.8244 
249.35 193.745 76.4469 
248.852 193.744 76.4159 
248.352 193.746 76.3944 
247.853 193.751 76.3733 
247.355 193.772 76.3483 
246.86 193.824 76.3273 
246.371 193.91 76.2985 
245.886 194.009 76.2579 
245.412 194.135 76.1969 
244.947 194.286 76.1298 
244.493 194.465 76.0629 
244.059 194.684 75.985 
243.643 194.933 75.9036 
243.247 195.215 75.8251 
242.872 195.528 75.7517 
242.514 195.864 75.6844 
242.176 196.222 75.6184 
241.85 196.595 75.554 
241.52 196.964 75.482 
241.191 197.335 75.4193 
240.855 197.7 75.3496 
240.526 198.071 75.278 
240.192 198.438 75.2108 
239.842 198.787 75.1355 
239.494 199.136 75.0543 
239.154 199.491 74.9725 
238.832 199.86 74.8871 
238.541 200.253 74.806 
238.282 200.667 74.7305 
244.463 193.955 76.7923 
236.31 205.753 74.6404 
236.479 205.286 74.5788 
236.652 204.82 74.5278 
236.813 204.347 74.4994 
236.982 203.877 74.478 
237.157 203.409 74.4686 
237.312 202.934 74.4758 
237.476 202.464 74.497 
237.651 201.999 74.5335 
237.848 201.546 74.5889 
238.057 201.102 74.6563 
236.148 206.223 74.7009 
235.976 206.688 74.7663 
235.787 207.146 74.8355 
235.592 207.6 74.9103 
235.386 208.048 74.9894 
235.166 208.488 75.0805 
234.942 208.925 75.1681 
243.483 193.747 76.7218 
243.975 193.845 76.7534 
236.583 192.594 77.249 
237.069 192.679 77.1573 
237.558 192.762 77.0802 
238.048 192.847 77.0129 
238.539 192.933 76.9544 
239.032 193.018 76.9028 
239.525 193.101 76.857 
240.019 193.184 76.8163 
240.513 193.263 76.7783 
241.009 193.34 76.7437 
241.504 193.418 76.7178 
241.999 193.497 76.7012 
242.495 193.577 76.6957 
242.99 193.655 76.7009 
236.099 192.511 77.3512 
235.617 192.433 77.4634 
235.135 192.363 77.5849 
234.654 192.304 77.7132 
234.173 192.257 77.847 
233.692 192.227 77.9839 
233.21 192.212 78.1202 
232.727 192.213 78.2505 
232.243 192.231 78.3694 
211.501 197.104 80.7729 
222.57 194.506 79.0746 
223.051 194.396 78.9816 
223.532 194.285 78.8929 
224.013 194.166 78.8131 
224.492 194.037 78.744 
224.969 193.896 78.6896 
225.446 193.746 78.6516 
225.925 193.602 78.6261 
226.407 193.465 78.6143 
226.886 193.316 78.6132 
227.367 193.17 78.6259 
227.85 193.037 78.6482 
228.335 192.911 78.6708 
228.823 192.792 78.6865 
229.311 192.681 78.6916 
229.799 192.569 78.6858 
230.288 192.47 78.6631 
230.777 192.384 78.6201 
231.267 192.316 78.5567 
231.756 192.266 78.4727 
222.091 194.62 79.1696 
221.613 194.743 79.2642 
221.14 194.877 79.357 
220.669 195.025 79.4474 
220.202 195.184 79.5352 
219.737 195.352 79.6204 
219.272 195.522 79.7028 
218.806 195.687 79.7821 
218.334 195.837 79.8589 
217.856 195.967 79.9335 
217.374 196.081 80.0063 
216.888 196.179 80.0789 
216.399 196.263 80.1531 
215.908 196.333 80.2297 
215.417 196.397 80.3096 
214.925 196.458 80.3926 
214.433 196.518 80.4719 
213.941 196.584 80.5429 
213.45 196.664 80.6041 
212.96 196.756 80.6578 
212.472 196.861 80.7048 
211.986 196.98 80.7442 
199.702 198.56 79.3309 
200.204 198.538 79.3813 
200.703 198.517 79.4377 
201.202 198.497 79.499 
201.7 198.478 79.5651 
202.197 198.459 79.636 
202.694 198.441 79.7105 
203.19 198.424 79.7888 
203.685 198.407 79.8703 
204.18 198.389 79.9551 
204.675 198.367 80.0425 
205.168 198.342 80.1317 
205.661 198.312 80.2218 
206.153 198.273 80.3117 
206.644 198.222 80.3996 
207.133 198.154 80.4835 
207.621 198.071 80.5605 
208.107 197.971 80.6286 
208.592 197.86 80.6858 
209.076 197.738 80.7314 
209.559 197.609 80.7646 
210.044 197.48 80.7841 
210.528 197.35 80.7911 
211.013 197.223 80.7871 
199.197 198.584 79.2867 
198.684 198.609 79.2484 
197.78 198.34 79.1987 
198.159 198.634 79.2145 
231.42 214.836 74.8312 
231.659 214.409 74.9113 
231.93 214.002 74.9998 
232.208 213.599 75.0936 
232.5 213.205 75.1828 
232.796 212.811 75.262 
233.085 212.413 75.3346 
233.36 212.003 75.3902 
233.616 211.579 75.416 
233.863 211.15 75.4192 
234.088 210.708 75.402 
234.297 210.258 75.3653 
234.503 209.809 75.3134 
234.726 209.369 75.2464 
231.199 215.275 74.767 
230.988 215.721 74.723 
230.789 216.176 74.7004 
230.604 216.637 74.6967 
230.425 217.103 74.7088 
230.247 217.568 74.7355 
230.078 218.037 74.7708 
229.903 218.504 74.8139 
229.732 218.972 74.8607 
229.568 219.443 74.9101 
229.41 219.915 74.9619 
229.273 220.394 75.0113 
229.138 220.873 75.0642 
227.212 232.095 75.5271 
227.179 231.597 75.5055 
227.147 231.098 75.4976 
227.122 230.599 75.4994 
227.121 230.1 75.5168 
227.155 229.603 75.5421 
227.21 229.108 75.5615 
227.282 228.614 75.5875 
227.362 228.122 75.6152 
227.453 227.631 75.6411 
227.561 227.143 75.6563 
227.664 226.655 75.6631 
227.77 226.166 75.6564 
227.877 225.679 75.64 
227.99 225.193 75.6084 
228.109 224.709 75.564 
228.215 224.222 75.5139 
228.327 223.738 75.4532 
228.452 223.258 75.3882 
228.589 222.781 75.3203 
228.729 222.306 75.2502 
228.864 221.828 75.1852 
229.002 221.351 75.1219 
227.246 232.592 75.5646 
227.279 233.088 75.6129 
227.308 233.583 75.6732 
227.337 234.075 75.745 
227.366 234.564 75.8334 
227.42 235.048 75.9302 
227.501 235.527 76.0321 
227.614 235.999 76.1365 
227.754 236.466 76.2368 
227.901 236.933 76.3278 
228.029 237.408 76.4053 
228.154 237.886 76.4711 
228.28 238.366 76.5238 
228.385 238.852 76.564 
228.509 239.333 76.5971 
228.64 239.814 76.6241 
228.794 240.288 76.636 
228.964 240.756 76.6384 
229.155 241.216 76.6302 
229.374 241.663 76.6103 
229.609 242.101 76.5859 
229.84 242.542 76.5531 
230.085 242.976 76.5123 
230.39 243.37 76.4598 
230.632 243.801 76.3937 
233.547 251.818 74.3816 
233.481 251.322 74.4016 
233.414 250.827 74.4256 
233.352 250.333 74.4599 
233.277 249.842 74.5068 
233.184 249.357 74.571 
233.08 248.879 74.6579 
232.976 248.407 74.7687 
232.87 247.94 74.9018 
232.742 247.486 75.0553 
232.579 247.05 75.2286 
232.394 246.624 75.4063 
232.208 246.196 75.5831 
231.988 245.784 75.7614 
231.723 245.394 75.9282 
231.437 245.015 76.0776 
231.164 244.618 76.2002 
230.891 244.216 76.3036 
233.613 252.313 74.3634 
305.803 241.538 86 
302.203 236.579 85.7052 
301.78 236.31 85.6933 
301.341 236.066 85.6874 
300.892 235.841 85.681 
300.475 235.557 85.6724 
300.041 235.303 85.6715 
299.619 235.027 85.6771 
299.208 234.736 85.694 
298.81 234.429 85.7101 
298.445 234.085 85.728 
298.068 233.754 85.7492 
297.708 233.406 85.775 
297.36 233.045 85.8058 
297.02 232.678 85.8453 
296.688 232.305 85.8882 
296.372 231.917 85.9332 
296.047 231.54 85.9951 
295.722 231.163 86.05 
295.397 230.786 86.1048 
295.069 230.41 86.1483 
294.744 230.034 86.183 
294.459 229.624 86.1948 
294.182 229.209 86.1958 
293.936 228.774 86.1879 
293.695 228.336 86.1723 
293.459 227.895 86.1548 
293.224 227.452 86.1345 
292.967 227.022 86.1144 
292.724 226.584 86.0946 
292.483 226.145 86.0803 
292.275 225.69 86.0653 
292.072 225.233 86.0568 
291.874 224.774 86.0591 
291.681 224.314 86.0779 
291.51 223.847 86.1063 
291.366 223.371 86.1281 
291.272 222.882 86.1911 
291.129 222.399 86.1639 
290.961 221.926 86.1529 
290.776 221.457 86.1406 
290.545 221.011 86.1354 
290.331 220.559 86.1294 
290.089 220.122 86.1397 
289.853 219.686 86.1573 
289.61 219.257 86.1853 
289.348 218.846 86.2275 
289.079 218.444 86.2724 
288.805 218.05 86.3204 
288.502 217.691 86.4034 
302.583 236.907 85.7234 
302.951 237.248 85.749 
303.252 237.649 85.7712 
303.548 238.054 85.7939 
303.839 238.464 85.8181 
304.135 238.874 85.8405 
304.439 239.28 85.862 
304.707 239.715 85.8851 
304.997 240.141 85.9194 
305.215 240.61 85.9614 
305.403 241.094 86.0043 
305.638 241.559 86.0547 
317.951 261.159 93.1755 
312.575 254.158 89.8696 
312.293 253.77 89.7256 
311.995 253.394 89.582 
311.703 253.013 89.4405 
311.405 252.636 89.3021 
311.114 252.252 89.1651 
310.819 251.872 89.0267 
310.533 251.481 88.9027 
310.25 251.084 88.786 
309.975 250.682 88.6747 
309.703 250.275 88.5684 
309.448 249.859 88.4615 
309.2 249.44 88.3476 
308.977 249.005 88.2455 
308.772 248.561 88.1414 
308.582 248.114 88.0223 
308.362 247.677 87.916 
308.156 247.233 87.8102 
307.971 246.782 87.6998 
307.794 246.328 87.5851 
307.613 245.876 87.4708 
307.438 245.424 87.3503 
307.255 244.977 87.2222 
307.059 244.536 87.0921 
306.855 244.103 86.9506 
306.649 243.671 86.815 
306.443 243.24 86.6765 
306.232 242.816 86.5296 
306.02 242.397 86.3795 
305.824 241.974 86.2297 
312.85 254.547 90.0215 
313.116 254.938 90.1862 
313.381 255.328 90.355 
313.662 255.708 90.5186 
313.957 256.077 90.6839 
314.302 256.401 90.8516 
314.596 256.764 91.0388 
314.959 257.058 91.2243 
315.283 257.396 91.3996 
315.619 257.723 91.5743 
315.97 258.039 91.7388 
316.269 258.397 91.9186 
316.6 258.73 92.0872 
316.854 259.115 92.2779 
317.109 259.501 92.4574 
317.341 259.905 92.6321 
317.549 260.32 92.8147 
317.758 260.735 92.9965 
305.033 293.361 98.6837 
318.318 279.633 98.8605 
318.492 279.17 98.7942 
318.657 278.704 98.7188 
318.817 278.239 98.6335 
318.976 277.775 98.5404 
319.145 277.315 98.4411 
319.319 276.86 98.3364 
319.503 276.41 98.2295 
319.705 275.967 98.1248 
319.919 275.53 98.026 
320.155 275.102 97.936 
320.401 274.678 97.8587 
320.655 274.255 97.7975 
320.913 273.833 97.752 
321.169 273.409 97.7174 
321.423 272.985 97.6923 
321.669 272.559 97.6718 
321.901 272.128 97.65 
322.104 271.689 97.6224 
322.269 271.24 97.584 
322.389 270.782 97.5323 
322.466 270.318 97.4633 
322.498 269.852 97.3743 
322.489 269.387 97.2643 
322.443 268.927 97.1336 
322.363 268.474 96.9819 
322.253 268.03 96.8122 
322.118 267.596 96.6282 
321.964 267.169 96.434 
321.793 266.754 96.2285 
321.605 266.35 96.0107 
321.392 265.965 95.7796 
321.168 265.588 95.5438 
320.909 265.235 95.3073 
320.646 264.88 95.0758 
320.357 264.538 94.8568 
320.068 264.191 94.6445 
319.782 263.837 94.4387 
319.496 263.477 94.2435 
319.205 263.114 94.0619 
318.902 262.756 93.8886 
318.622 262.381 93.7152 
318.384 261.982 93.534 
318.174 261.57 93.3486 
318.146 280.098 98.9166 
317.965 280.56 98.9585 
317.77 281.016 98.9842 
317.572 281.47 98.9912 
317.342 281.907 98.9764 
317.076 282.322 98.9363 
316.805 282.737 98.9031 
316.52 283.145 98.8777 
316.215 283.539 98.8421 
315.903 283.929 98.8099 
315.587 284.316 98.7826 
315.273 284.706 98.7662 
314.956 285.093 98.7513 
314.642 285.483 98.7418 
314.332 285.875 98.7418 
314.019 286.265 98.7492 
313.699 286.649 98.7606 
313.373 287.028 98.7765 
313.035 287.396 98.7945 
312.688 287.756 98.8149 
312.333 288.107 98.8369 
311.961 288.441 98.8573 
311.585 288.769 98.878 
311.193 289.081 98.8961 
310.793 289.381 98.9106 
310.392 289.681 98.9218 
309.986 289.974 98.9287 
309.578 290.264 98.9312 
309.166 290.549 98.9305 
308.755 290.834 98.9251 
308.344 291.12 98.9146 
307.932 291.405 98.8992 
307.52 291.688 98.8782 
307.108 291.973 98.8531 
306.696 292.256 98.8239 
306.284 292.538 98.7919 
305.87 292.817 98.7577 
305.454 293.093 98.7215 
279.018 305.49 97 
279.487 305.31 96.8213 
279.917 305.082 96.6819 
280.339 304.839 96.5505 
280.764 304.602 96.4242 
281.191 304.365 96.3126 
281.618 304.126 96.2125 
282.053 303.894 96.1382 
282.494 303.667 96.0824 
282.937 303.444 96.0431 
283.392 303.242 96.0207 
283.847 303.041 96.0149 
284.297 302.828 96.024 
284.747 302.615 96.047 
285.194 302.397 96.0794 
285.64 302.175 96.1203 
286.08 301.942 96.1647 
286.522 301.715 96.2172 
286.961 301.481 96.2706 
287.402 301.251 96.3253 
287.848 301.03 96.383 
288.291 300.803 96.4382 
288.738 300.585 96.496 
289.186 300.37 96.5569 
289.633 300.154 96.6179 
290.081 299.943 96.6844 
290.532 299.74 96.7581 
290.987 299.551 96.8417 
291.444 299.371 96.9314 
291.903 299.198 97.0268 
292.364 299.03 97.1238 
292.829 298.873 97.222 
293.293 298.71 97.3161 
293.76 298.558 97.4136 
294.231 298.419 97.5115 
294.701 298.273 97.6046 
295.172 298.126 97.6883 
295.64 297.965 97.7576 
296.102 297.782 97.812 
296.563 297.598 97.8709 
297.023 297.41 97.9269 
297.475 297.198 97.9677 
297.926 296.983 98.0047 
298.383 296.78 98.0404 
298.839 296.576 98.0768 
299.291 296.363 98.1103 
299.744 296.153 98.1498 
300.194 295.937 98.1901 
300.641 295.715 98.23 
301.086 295.489 98.2712 
301.529 295.259 98.3144 
301.977 295.04 98.3571 
302.419 294.808 98.3999 
302.863 294.582 98.4524 
303.304 294.351 98.5046 
303.743 294.116 98.5542 
304.177 293.872 98.6001 
304.608 293.621 98.6433 
279.053 305.518 96.9715 
255.606 320.797 103.956 
255.898 320.49 103.69 
256.188 320.176 103.431 
256.482 319.862 103.174 
256.774 319.545 102.921 
257.063 319.222 102.671 
257.35 318.894 102.425 
257.652 318.578 102.179 
257.951 318.257 101.938 
258.291 317.973 101.704 
258.628 317.681 101.475 
258.989 317.415 101.254 
259.352 317.147 101.036 
259.732 316.901 100.823 
260.109 316.645 100.615 
260.498 316.399 100.42 
260.89 316.153 100.23 
261.284 315.904 100.047 
261.681 315.658 99.8689 
262.082 315.414 99.6934 
262.483 315.171 99.5196 
262.88 314.921 99.3459 
263.288 314.689 99.1721 
263.696 314.453 99.0029 
264.111 314.227 98.8382 
264.523 313.992 98.6777 
264.931 313.75 98.5207 
265.347 313.514 98.3741 
265.759 313.263 98.2398 
266.177 313.018 98.1183 
266.597 312.77 98.0074 
267.026 312.532 97.9113 
267.457 312.292 97.8287 
267.878 312.032 97.7566 
268.298 311.766 97.6983 
268.721 311.503 97.6572 
269.141 311.234 97.6258 
269.571 310.978 97.6061 
269.996 310.715 97.5937 
270.427 310.461 97.5915 
270.861 310.211 97.5948 
271.287 309.949 97.6007 
271.716 309.692 97.6131 
272.148 309.439 97.6292 
272.587 309.199 97.6454 
273.025 308.958 97.6604 
273.468 308.727 97.6747 
273.913 308.497 97.6846 
274.356 308.266 97.6859 
274.799 308.033 97.6769 
275.244 307.805 97.6566 
275.685 307.573 97.6215 
276.127 307.345 97.575 
276.566 307.111 97.5202 
276.985 306.85 97.444 
277.393 306.575 97.3558 
277.811 306.316 97.2646 
278.251 306.088 97.1866 
278.657 305.808 97.0834 
255.31 321.095 104.228 
255.009 321.394 104.495 
254.709 321.692 104.767 
254.36 321.892 105.066 
254.018 322.095 105.371 
253.69 322.3 105.69 
253.345 322.48 106.004 
253.007 322.699 106.302 
252.689 322.954 106.591 
252.37 323.217 106.874 
252.072 323.513 107.145 
251.783 323.821 107.412 
251.514 324.147 107.678 
251.249 324.478 107.944 
251.01 324.819 108.221 
250.771 325.157 108.501 
250.532 325.486 108.792 
250.283 325.797 109.094 
250.032 326.093 109.408 
249.777 326.362 109.744 
249.526 326.584 110.115 
249.269 326.779 110.497 
249.041 326.972 110.9 
248.77 327.102 111.301 
248.547 327.269 111.717 
248.308 327.473 112.108 
248.061 327.689 112.486 
247.827 327.934 112.855 
247.595 328.179 113.225 
247.351 328.406 113.599 
247.102 328.622 113.976 
246.834 328.823 114.348 
246.566 329.011 114.727 
246.283 329.183 115.102 
246.018 329.362 115.488 
245.739 329.506 115.879 
245.451 329.619 116.273 
245.153 329.74 116.656 
244.85 329.885 117.028 
244.562 330.045 117.405 
244.273 330.195 117.785 
244.023 330.377 118.179 
243.791 330.558 118.583 
243.586 330.724 119.011 
243.326 330.901 119.402 
243.067 331.108 119.778 
242.776 331.344 120.111 
242.501 331.601 120.441 
242.235 331.879 120.761 
241.958 332.158 121.069 
241.68 332.456 121.359 
213.793 352.998 151 
216.796 344.812 141.546 
216.984 344.656 141.114 
217.193 344.487 140.693 
217.381 344.292 140.273 
217.609 344.122 139.862 
217.824 343.957 139.443 
218.069 343.807 139.034 
218.309 343.648 138.624 
218.551 343.502 138.214 
218.832 343.389 137.818 
219.099 343.274 137.411 
219.401 343.186 137.022 
219.689 343.089 136.626 
220.015 343.056 136.25 
220.31 343.009 135.849 
220.606 342.952 135.449 
220.907 342.905 135.053 
221.195 342.866 134.647 
221.502 342.857 134.254 
221.813 342.856 133.864 
222.131 342.868 133.478 
222.466 342.891 133.106 
222.831 342.938 132.767 
223.214 342.993 132.449 
223.609 343.047 132.145 
224.011 343.105 131.854 
224.416 343.179 131.57 
224.82 343.261 131.286 
225.221 343.352 131.001 
225.618 343.451 130.713 
226.001 343.571 130.415 
226.392 343.702 130.133 
226.797 343.832 129.871 
227.218 343.942 129.63 
227.656 344.03 129.419 
228.113 344.085 129.245 
228.584 344.097 129.11 
229.063 344.059 129.016 
229.539 343.965 128.951 
230.005 343.814 128.912 
230.45 343.607 128.891 
230.873 343.352 128.88 
231.268 343.052 128.871 
231.632 342.713 128.863 
231.973 342.349 128.845 
232.304 341.977 128.812 
232.619 341.594 128.761 
232.925 341.209 128.684 
233.222 340.823 128.58 
233.536 340.462 128.443 
233.846 340.11 128.277 
234.169 339.786 128.082 
234.488 339.476 127.858 
234.8 339.177 127.611 
235.099 338.882 127.342 
235.384 338.586 127.059 
235.653 338.282 126.767 
235.91 337.972 126.472 
236.167 337.657 126.181 
236.432 337.343 125.897 
236.711 337.033 125.623 
237.008 336.729 125.36 
237.318 336.429 125.108 
237.659 336.159 124.862 
237.997 335.889 124.611 
238.343 335.622 124.366 
238.685 335.349 124.125 
239.016 335.069 123.875 
239.342 334.788 123.62 
239.648 334.493 123.356 
239.95 334.2 123.085 
240.242 333.921 122.79 
240.532 333.637 122.497 
240.819 333.347 122.207 
241.107 333.05 121.925 
241.397 332.754 121.644 
216.614 344.994 141.972 
216.425 345.187 142.391 
216.28 345.406 142.813 
216.16 345.648 143.232 
216.063 345.904 143.65 
215.997 346.173 144.067 
215.922 346.453 144.476 
215.821 346.728 144.881 
215.708 347.018 145.273 
215.588 347.305 145.665 
215.462 347.6 146.049 
215.33 347.894 146.432 
215.197 348.199 146.805 
215.065 348.518 147.168 
214.962 348.859 147.519 
214.86 349.208 147.862 
214.761 349.569 148.194 
214.668 349.936 148.52 
214.578 350.31 148.84 
214.49 350.69 149.154 
214.422 351.074 149.467 
214.346 351.46 149.776 
214.264 351.85 150.08 
214.178 352.24 150.382 
214.079 352.632 150.68 
213.941 353.022 150.968 
209.422 360.782 155.12 
210.784 359.554 154.23 
211.104 359.218 154.023 
211.416 358.87 153.824 
211.705 358.503 153.627 
211.984 358.123 153.438 
212.238 357.727 153.25 
212.485 357.323 153.066 
212.688 356.897 152.879 
212.883 356.467 152.691 
213.065 356.034 152.5 
213.231 355.597 152.303 
213.386 355.16 152.101 
213.545 354.728 151.895 
213.672 354.297 151.675 
213.776 353.867 151.446 
213.869 353.443 151.21 
210.448 359.87 154.445 
210.109 360.18 154.666 
209.766 360.481 154.893 
194.981 202.3 78.7441 
195.397 202.041 78.8523 
195.798 201.758 78.9504 
196.193 201.463 79.0369 
196.555 201.127 79.1017 
196.894 200.764 79.1507 
197.204 200.376 79.1845 
197.484 199.965 79.2033 
197.735 199.535 79.2117 
197.958 199.089 79.2135 
194.577 202.574 78.6311 
194.162 202.823 78.4994 
193.768 203.101 78.3652 
193.382 203.386 78.2251 
193.002 203.674 78.0746 
192.666 204.014 77.9283 
192.348 204.362 77.7657 
192.053 204.725 77.5899 
191.787 205.101 77.3988 
191.543 205.485 77.1923 
190.706 209.914 75.1825 
190.728 209.436 75.3273 
190.744 208.964 75.4923 
190.764 208.499 75.6763 
190.792 208.041 75.8765 
190.839 207.591 76.0875 
190.909 207.148 76.3066 
191.004 206.712 76.5306 
191.159 206.296 76.7572 
191.339 205.887 76.979 
190.678 210.398 75.0578 
190.637 210.886 74.9497 
190.585 211.374 74.8523 
190.527 211.864 74.7601 
190.446 212.348 74.6589 
190.356 212.828 74.5507 
190.262 213.304 74.4265 
190.165 213.772 74.2808 
190.068 214.231 74.1099 
190.081 220.271 70.6897 
189.991 219.828 70.9084 
189.899 219.389 71.1316 
189.818 218.95 71.3605 
189.756 218.513 71.5982 
189.708 218.08 71.8448 
189.676 217.65 72.0988 
189.663 217.222 72.3592 
189.668 216.798 72.6241 
189.694 216.377 72.8939 
189.739 215.957 73.1627 
189.801 215.536 73.426 
189.882 215.112 73.6795 
189.972 214.681 73.9142 
190.176 220.714 70.4752 
190.277 221.157 70.2632 
190.385 221.598 70.0506 
190.505 222.034 69.835 
190.637 222.464 69.6147 
190.782 222.887 69.3878 
190.947 223.29 69.1412 
191.178 223.671 68.9119 
191.417 224.047 68.6817 
191.67 224.414 68.4517 
191.918 224.789 68.2304 
192.173 225.162 68.0122 
192.44 225.529 67.7978 
192.71 225.897 67.5922 
192.982 226.274 67.4033 
194.35 242.655 63.2152 
195.822 233.949 65.9668 
195.774 233.454 66.0324 
195.719 232.96 66.0932 
195.658 232.465 66.151 
195.598 231.97 66.2058 
195.531 231.477 66.2589 
195.444 230.987 66.3128 
195.332 230.503 66.3677 
195.189 230.027 66.4268 
195.021 229.561 66.4914 
194.831 229.104 66.5581 
194.62 228.657 66.6358 
194.384 228.226 66.7244 
194.117 227.815 66.822 
193.837 227.416 66.938 
193.553 227.028 67.0748 
193.269 226.645 67.2291 
195.865 234.444 65.8963 
195.924 234.937 65.8194 
195.982 235.427 65.7339 
196.02 235.918 65.6387 
196.036 236.41 65.5435 
196.014 236.903 65.4534 
195.949 237.391 65.3641 
195.828 237.867 65.2704 
195.672 238.329 65.1636 
195.514 238.787 65.0402 
195.366 239.252 64.9239 
195.188 239.703 64.7805 
194.935 240.097 64.5957 
194.739 240.512 64.4049 
194.589 240.938 64.1965 
194.48 241.371 63.9732 
194.406 241.8 63.7286 
194.361 242.226 63.4718 
194.332 243.049 62.9047 
190.841 195.88 78.347 
191.313 196.04 78.3563 
191.776 196.226 78.386 
192.247 196.39 78.4308 
192.711 196.562 78.503 
193.178 196.719 78.5913 
193.649 196.858 78.6849 
194.124 196.984 78.7807 
194.602 197.102 78.8731 
195.081 197.218 78.9567 
195.558 197.342 79.0282 
196.03 197.481 79.0863 
196.493 197.645 79.1296 
196.943 197.839 79.1606 
197.38 198.062 79.1815 
190.362 195.743 78.3541 
189.88 195.629 78.375 
189.396 195.541 78.4072 
188.911 195.47 78.4335 
188.423 195.441 78.4639 
187.932 195.448 78.4819 
187.441 195.486 78.4797 
186.951 195.536 78.4529 
186.463 195.599 78.4006 
185.977 195.673 78.329 
185.49 195.728 78.2311 
185.005 195.788 78.1178 
184.522 195.854 78.0002 

@2
1 
2 
2 
2 
2 
2 
2 
2 
2 
2 
2 
2 
2 
2 
2 
2 
2 
2 
2 
2 
2 
2 
2 
2 
2 
2 
2 
2 
2 
2 
2 
2 
2 
2 
2 
2 
2 
2 
2 
2 
2 
2 
2 
2 
2 
2 
2 
2 
2 
2 
2 
2 
2 
2 
2 
2 
2 
2 
2 
2 
2 
2 
2 
2 
2 
2 
2 
2 
2 
2 
2 
2 
2 
2 
2 
2 
2 
2 
2 
2 
2 
2 
2 
2 
2 
2 
2 
2 
2 
2 
2 
2 
2 
2 
2 
2 
2 
2 
2 
2 
2 
2 
2 
2 
2 
2 
2 
2 
2 
2 
2 
2 
2 
2 
2 
2 
2 
2 
2 
2 
2 
2 
2 
2 
2 
2 
2 
2 
2 
2 
2 
2 
2 
2 
2 
2 
2 
2 
2 
2 
2 
2 
2 
2 
2 
2 
2 
2 
2 
2 
2 
2 
2 
2 
2 
2 
2 
2 
2 
2 
2 
2 
3 
2 
2 
2 
2 
2 
2 
2 
2 
2 
2 
2 
2 
2 
2 
2 
2 
2 
2 
2 
2 
2 
2 
2 
2 
2 
2 
2 
2 
2 
2 
2 
2 
2 
2 
2 
2 
2 
2 
2 
2 
2 
2 
2 
2 
2 
2 
2 
2 
2 
2 
2 
2 
2 
2 
2 
2 
2 
2 
2 
2 
2 
2 
2 
2 
2 
2 
2 
2 
2 
2 
2 
2 
2 
2 
2 
2 
2 
2 
2 
2 
2 
2 
2 
2 
2 
2 
2 
2 
2 
2 
2 
2 
1 
2 
2 
2 
2 
2 
2 
2 
2 
2 
2 
2 
2 
2 
2 
2 
2 
2 
2 
2 
2 
2 
2 
2 
2 
2 
2 
2 
2 
2 
2 
2 
2 
2 
2 
2 
2 
2 
2 
2 
2 
2 
2 
2 
2 
2 
2 
2 
2 
2 
2 
2 
2 
2 
2 
2 
2 
2 
2 
2 
2 
2 
2 
2 
2 
2 
2 
2 
2 
2 
2 
2 
2 
2 
2 
2 
2 
2 
2 
2 
2 
2 
2 
2 
2 
2 
2 
2 
2 
2 
2 
2 
2 
2 
2 
2 
2 
2 
2 
2 
2 
2 
2 
2 
2 
2 
2 
2 
2 
2 
2 
2 
2 
2 
3 
2 
2 
2 
2 
2 
2 
2 
2 
2 
2 
2 
2 
2 
2 
2 
2 
2 
2 
2 
2 
2 
2 
2 
2 
2 
2 
2 
2 
2 
2 
2 
2 
2 
2 
2 
2 
2 
2 
2 
2 
2 
2 
2 
2 
2 
2 
2 
2 
2 
2 
2 
2 
2 
2 
2 
2 
2 
2 
2 
2 
2 
2 
2 
2 
2 
2 
2 
2 
2 
2 
2 
2 
2 
2 
2 
2 
2 
2 
2 
2 
2 
2 
2 
2 
2 
2 
2 
2 
2 
2 
2 
2 
2 
1 
1 
2 
2 
2 
2 
2 
2 
2 
2 
2 
2 
2 
2 
2 
2 
2 
2 
2 
2 
2 
2 
2 
2 
2 
2 
2 
2 
2 
2 
2 
2 
2 
2 
2 
2 
2 
2 
2 
2 
2 
2 
2 
2 
2 
2 
2 
2 
2 
2 
2 
2 
2 
2 
2 
2 
2 
2 
2 
2 
2 
2 
3 
2 
2 
2 
2 
2 
2 
2 
2 
2 
2 
2 
2 
2 
2 
2 
2 
2 
2 
2 
2 
2 
2 
2 
2 
2 
2 
2 
2 
2 
2 
2 
2 
2 
2 
2 
2 
2 
2 
2 
2 
2 
2 
2 
2 
2 
2 
2 
2 
2 
2 
2 
2 
2 
2 
2 
2 
2 
2 
2 
2 
2 
2 
2 
2 
2 
2 
2 
2 
2 
2 
2 
2 
2 
2 
2 
2 
2 
2 
2 
2 
2 
2 
2 
2 
2 
2 
2 
2 
2 
2 
2 
2 
2 
2 
2 
2 
2 
2 
2 
2 
2 
2 
2 
2 
2 
2 
2 
2 
2 
2 
2 
2 
2 
2 
2 
2 
2 
2 
2 
2 
2 
2 
2 
2 
2 
2 
2 
2 
2 
2 
2 
2 
1 
2 
2 
2 
2 
2 
2 
2 
2 
2 
2 
2 
2 
2 
2 
2 
2 
2 
2 
2 
2 
2 
2 
2 
2 
2 
2 
2 
2 
2 
2 
2 
2 
2 
2 
2 
2 
2 
2 
2 
2 
2 
2 
2 
2 
2 
2 
2 
2 
2 
2 
2 
2 
2 
2 
2 
2 
2 
3 
2 
2 
2 
2 
2 
2 
2 
2 
2 
2 
2 
2 
2 
2 
2 
2 
2 
2 
2 
2 
2 
2 
2 
2 
2 
2 
2 
2 
2 
2 
2 
2 
2 
2 
2 
2 
2 
2 
2 
2 
2 
2 
2 
2 
2 
2 
2 
2 
2 
2 
2 
2 
2 
2 
2 
2 
2 
2 
2 
2 
2 
2 
2 
2 
2 
2 
2 
2 
2 
2 
2 
2 
2 
2 
2 
2 
2 
2 
2 
2 
2 
2 
2 
2 
2 
2 
2 
2 
2 
2 
2 
2 
2 
2 
2 
2 
2 
2 
2 
2 
2 
2 
2 
2 
2 
2 
2 
2 
2 
2 
1 
2 
2 
2 
2 
2 
2 
2 
2 
2 
2 
2 
2 
2 
2 
2 
2 
2 
2 
2 
2 
2 
2 
2 
2 
2 
2 
2 
2 
2 
2 
2 
2 
2 
2 
2 
2 
2 
2 
2 
2 
2 
2 
2 
2 
2 
2 
2 
2 
2 
2 
2 
2 
2 
2 
2 
2 
2 
2 
2 
2 
2 
2 
2 
2 
2 
2 
2 
2 
2 
2 
2 
2 
2 
2 
2 
2 
2 
2 
2 
2 
2 
2 
2 
2 
2 
2 
2 
2 
2 
2 
2 
2 
2 
2 
2 
2 
2 
2 
2 
2 
2 
3 
1 
2 
2 
2 
2 
2 
2 
2 
2 
2 
2 
2 
2 
2 
2 
2 
2 
2 
2 
2 
2 
2 
2 
2 
2 
2 
2 
2 
2 
2 
2 
2 
2 
2 
2 
2 
2 
2 
2 
2 
2 
2 
2 
2 
2 
2 
2 
2 
2 
2 
2 
2 
2 
2 
2 
2 
2 
2 
2 
2 
2 
2 
2 
2 
2 
2 
2 
2 
2 
2 
2 
2 
2 
2 
2 
2 
2 
2 
2 
2 
2 
2 
2 
2 
2 
2 
2 
2 
2 
2 
2 
2 
2 
2 
2 
2 
2 
2 
2 
2 
2 
2 
2 
2 
2 
2 
2 
2 
2 
2 
2 
2 
2 
2 
2 
2 
2 
2 
2 
2 
2 
2 
2 
2 
1 
2 
2 
2 
2 
2 
2 
2 
2 
2 
2 
2 
2 
2 
2 
2 
2 
2 
2 
2 
2 
2 
2 
2 
2 
2 
2 
2 
1 

@3
0.38483 
0.332244 
0.520529 
0.59052 
0.615876 
0.594754 
0.55258 
0.538471 
0.508303 
0.505406 
0.474712 
0.455211 
0.420342 
0.386569 
0.375334 
0.376527 
0.383376 
0.383625 
0.383519 
0.389391 
0.392485 
0.381695 
0.325477 
0.251441 
0.201673 
0.209199 
0.223815 
0.221232 
0.212137 
0.240501 
0.284293 
0.369495 
0.432388 
0.3761 
0.321858 
0.28391 
0.282497 
0.288416 
0.29456 
0.296206 
0.290413 
0.289315 
0.300783 
0.324899 
0.352311 
0.383702 
0.415655 
0.416417 
0.403616 
0.381203 
0.352755 
0.338519 
0.352457 
0.36798 
0.368712 
0.360673 
0.347297 
0.3285 
0.319301 
0.317871 
0.410324 
0.395504 
0.371195 
0.346418 
0.332982 
0.33994 
0.3673 
0.385412 
0.405715 
0.430368 
0.425592 
0.430786 
0.403259 
0.373875 
0.358044 
0.346982 
0.378799 
0.406143 
0.441474 
0.45779 
0.445877 
0.416604 
0.404896 
0.418585 
0.423655 
0.430678 
0.437728 
0.456683 
0.511234 
0.567272 
0.611097 
0.633559 
0.643062 
0.643728 
0.627796 
0.606471 
0.552287 
0.473554 
0.39663 
0.357622 
0.415966 
0.412849 
0.410756 
0.418164 
0.431982 
0.438855 
0.435868 
0.459763 
0.434799 
0.421128 
0.409935 
0.376988 
0.342584 
0.308236 
0.299061 
0.314516 
0.32797 
0.336826 
0.349861 
0.36565 
0.386144 
0.397724 
0.397823 
0.333019 
0.277346 
0.231626 
0.220369 
0.209413 
0.221228 
0.296947 
0.400942 
0.432445 
0.400887 
0.421389 
0.420618 
0.417614 
0.427973 
0.437358 
0.435461 
0.436136 
0.434445 
0.448596 
0.473326 
0.479201 
0.480952 
0.455616 
0.432903 
0.436764 
0.447545 
0.464159 
0.487571 
0.464279 
0.469738 
0.46499 
0.463892 
0.484765 
0.516431 
0.519455 
0.529861 
0.541069 
0.548691 
0.537489 
0.51076 
0.3699 
0.342395 
0.359772 
0.423205 
0.505142 
0.607251 
0.671887 
0.701368 
0.707176 
0.673786 
0.633209 
0.608799 
0.575778 
0.517376 
0.431514 
0.398245 
0.343632 
0.298926 
0.27943 
0.307703 
0.387971 
0.420671 
0.447395 
0.447626 
0.470274 
0.43742 
0.423133 
0.259317 
0.26043 
0.273982 
0.287821 
0.277132 
0.273584 
0.270246 
0.26179 
0.267887 
0.285292 
0.301935 
0.316272 
0.338158 
0.364451 
0.372136 
0.368208 
0.351458 
0.322824 
0.295964 
0.291744 
0.284718 
0.290675 
0.306789 
0.330561 
0.378681 
0.412258 
0.414181 
0.412398 
0.400584 
0.398517 
0.414734 
0.429334 
0.452378 
0.475653 
0.487259 
0.451161 
0.262043 
0.277185 
0.290117 
0.281524 
0.247835 
0.215773 
0.198963 
0.211939 
0.239686 
0.250151 
0.214291 
0.175925 
0.13531 
0.11428 
0.106142 
0.120289 
0.141301 
0.188971 
0.232845 
0.243044 
0.248712 
0.246313 
0.249515 
0.25996 
0.258556 
0.243339 
0.229429 
0.20312 
0.189255 
0.271478 
0.210199 
0.225925 
0.218031 
0.198899 
0.180094 
0.179736 
0.192388 
0.20861 
0.226415 
0.210986 
0.194509 
0.204932 
0.207972 
0.203285 
0.200561 
0.205106 
0.207943 
0.214646 
0.232852 
0.26153 
0.173339 
0.17336 
0.163513 
0.16115 
0.168308 
0.177953 
0.185726 
0.193195 
0.179528 
0.159187 
0.148891 
0.149824 
0.168412 
0.197572 
0.168234 
0.156479 
0.138835 
0.129264 
0.130399 
0.136012 
0.130632 
0.116938 
0.110635 
0.226694 
0.151953 
0.151897 
0.152989 
0.164515 
0.181682 
0.195396 
0.211335 
0.223464 
0.23338 
0.244749 
0.247235 
0.240465 
0.227979 
0.211671 
0.192884 
0.167101 
0.153005 
0.134466 
0.117147 
0.109816 
0.143658 
0.128038 
0.0984788 
0.0784083 
0.0808548 
0.0930174 
0.101684 
0.112922 
0.125761 
0.142424 
0.154666 
0.164053 
0.169807 
0.180654 
0.208799 
0.233249 
0.240047 
0.236577 
0.2284 
0.222998 
0.223922 
0.22916 
0.127742 
0.13425 
0.152791 
0.177474 
0.203841 
0.21695 
0.207827 
0.181548 
0.150537 
0.12901 
0.111667 
0.0920048 
0.0751713 
0.0779377 
0.0974823 
0.112767 
0.126012 
0.138245 
0.148696 
0.159896 
0.177115 
0.187926 
0.201786 
0.215881 
0.137107 
0.158806 
0.211274 
0.191758 
0.236673 
0.243553 
0.236588 
0.235054 
0.229604 
0.237431 
0.232989 
0.224362 
0.221158 
0.238185 
0.260048 
0.275359 
0.261987 
0.231694 
0.224974 
0.1962 
0.172247 
0.161539 
0.169337 
0.182336 
0.193591 
0.200655 
0.197207 
0.194254 
0.198527 
0.192088 
0.185255 
0.283894 
0.294742 
0.302575 
0.2951 
0.276547 
0.274313 
0.289026 
0.291313 
0.288952 
0.294572 
0.294899 
0.321338 
0.323172 
0.301178 
0.276013 
0.254963 
0.245547 
0.235599 
0.223308 
0.212175 
0.207581 
0.195892 
0.183781 
0.280976 
0.270189 
0.248189 
0.214995 
0.182769 
0.17001 
0.181019 
0.211144 
0.226366 
0.214338 
0.197152 
0.19186 
0.226618 
0.264872 
0.293029 
0.30667 
0.308247 
0.304895 
0.319875 
0.355508 
0.405423 
0.426369 
0.417664 
0.368104 
0.292364 
0.218654 
0.209561 
0.20476 
0.19592 
0.191965 
0.200948 
0.214136 
0.226194 
0.240936 
0.258882 
0.290162 
0.31111 
0.342409 
0.351519 
0.34241 
0.293549 
0.256157 
0.247616 
0.225028 
0.1 
0.399316 
0.416354 
0.41208 
0.402748 
0.384497 
0.37646 
0.36324 
0.355336 
0.343071 
0.321719 
0.304109 
0.293436 
0.293823 
0.304581 
0.31722 
0.319266 
0.305421 
0.299825 
0.288928 
0.266076 
0.226414 
0.195955 
0.196122 
0.208534 
0.219287 
0.221558 
0.228718 
0.244316 
0.253259 
0.254091 
0.251398 
0.249521 
0.248722 
0.253133 
0.282956 
0.331201 
0.362457 
0.363112 
0.370964 
0.365153 
0.358995 
0.353289 
0.335725 
0.312551 
0.305303 
0.300989 
0.337187 
0.412274 
0.463035 
0.385334 
0.358227 
0.336777 
0.321096 
0.333118 
0.352627 
0.371041 
0.385519 
0.382568 
0.357225 
0.314232 
0.258326 
0.20389 
0.296138 
0.31746 
0.333542 
0.331875 
0.329485 
0.324129 
0.314684 
0.301374 
0.302612 
0.30969 
0.32939 
0.353183 
0.375979 
0.367173 
0.365502 
0.366959 
0.356049 
0.337871 
0.317087 
0.305334 
0.302138 
0.300643 
0.300474 
0.298707 
0.310702 
0.32902 
0.356201 
0.375198 
0.376929 
0.338108 
0.280079 
0.2861 
0.321299 
0.376757 
0.408145 
0.424364 
0.42384 
0.424824 
0.42493 
0.42802 
0.420669 
0.409144 
0.368781 
0.322117 
0.288372 
0.253088 
0.219047 
0.195402 
0.134722 
0.173285 
0.179331 
0.183962 
0.191822 
0.196944 
0.195895 
0.199241 
0.200882 
0.194392 
0.19262 
0.185385 
0.186958 
0.183848 
0.181607 
0.181528 
0.184298 
0.193463 
0.187654 
0.17891 
0.174235 
0.162856 
0.158774 
0.16401 
0.168656 
0.167668 
0.171712 
0.181207 
0.185172 
0.194518 
0.210738 
0.225512 
0.244904 
0.270814 
0.284017 
0.282478 
0.289527 
0.287013 
0.278016 
0.268761 
0.276614 
0.303054 
0.307167 
0.275393 
0.239124 
0.16147 
0.15591 
0.166684 
0.188447 
0.230969 
0.286082 
0.323152 
0.311189 
0.276584 
0.251347 
0.242688 
0.2266 
0.210917 
0.19723 
0.186846 
0.17802 
0.168236 
0.167586 
0.173569 
0.185802 
0.196716 
0.196883 
0.197026 
0.197436 
0.196026 
0.196705 
0.197373 
0.199207 
0.193626 
0.189007 
0.178702 
0.169501 
0.156163 
0.146947 
0.143708 
0.139836 
0.136419 
0.131636 
0.1 
0.381496 
0.364226 
0.33509 
0.309021 
0.27868 
0.251593 
0.234697 
0.232323 
0.227837 
0.220601 
0.222378 
0.219494 
0.218103 
0.223009 
0.223281 
0.228098 
0.224774 
0.220658 
0.2202 
0.221656 
0.228429 
0.224837 
0.220627 
0.213326 
0.20534 
0.204388 
0.197338 
0.193998 
0.204879 
0.214718 
0.225632 
0.246238 
0.265769 
0.283241 
0.302649 
0.314662 
0.30846 
0.272702 
0.2355 
0.217399 
0.209338 
0.217194 
0.219822 
0.225379 
0.232505 
0.226282 
0.222139 
0.214932 
0.213076 
0.219375 
0.228641 
0.236513 
0.226041 
0.208025 
0.186582 
0.165389 
0.14286 
0.346769 
0.199578 
0.222146 
0.228301 
0.22747 
0.219396 
0.209138 
0.211088 
0.211158 
0.219564 
0.219061 
0.220229 
0.215739 
0.226953 
0.239027 
0.242242 
0.234074 
0.231163 
0.230546 
0.233245 
0.228695 
0.234279 
0.240923 
0.246429 
0.252488 
0.261756 
0.270642 
0.262749 
0.250818 
0.242148 
0.236178 
0.232466 
0.232908 
0.240785 
0.241819 
0.239863 
0.233165 
0.237846 
0.248326 
0.263434 
0.267267 
0.2679 
0.262636 
0.248822 
0.232076 
0.221742 
0.220416 
0.222166 
0.228476 
0.238333 
0.258475 
0.28163 
0.311676 
0.350596 
0.370045 
0.356916 
0.34841 
0.353495 
0.396722 
0.406701 
0.179526 
0.173265 
0.212326 
0.257719 
0.299833 
0.303569 
0.27309 
0.243452 
0.207121 
0.19335 
0.178314 
0.189053 
0.193976 
0.212644 
0.220265 
0.224479 
0.224505 
0.22997 
0.260118 
0.314307 
0.362828 
0.381996 
0.389984 
0.392304 
0.363519 
0.32354 
0.285016 
0.259138 
0.26278 
0.258259 
0.256789 
0.257486 
0.255948 
0.266616 
0.278163 
0.277603 
0.261318 
0.247308 
0.248017 
0.26368 
0.301104 
0.348155 
0.371373 
0.37899 
0.374564 
0.349402 
0.303288 
0.27251 
0.238589 
0.219173 
0.203633 
0.1 
0.410173 
0.400464 
0.390428 
0.378647 
0.371828 
0.358754 
0.360823 
0.36532 
0.363737 
0.368611 
0.379374 
0.392843 
0.408788 
0.413008 
0.442743 
0.460916 
0.428196 
0.404654 
0.39361 
0.368215 
0.334344 
0.304367 
0.272888 
0.239245 
0.206391 
0.176169 
0.166089 
0.177457 
0.211403 
0.251354 
0.276002 
0.278345 
0.268832 
0.239015 
0.198007 
0.147588 
0.10997 
0.0883405 
0.0764802 
0.0902452 
0.127793 
0.177359 
0.231375 
0.257529 
0.268542 
0.265714 
0.261457 
0.246803 
0.221938 
0.187684 
0.164809 
0.143167 
0.138784 
0.141468 
0.136038 
0.131045 
0.141093 
0.130165 
0.120497 
0.118885 
0.136624 
0.16249 
0.199848 
0.230616 
0.251827 
0.252158 
0.245165 
0.228984 
0.230558 
0.237011 
0.257367 
0.267991 
0.263037 
0.234159 
0.213237 
0.203719 
0.414141 
0.395725 
0.370151 
0.333918 
0.310984 
0.311172 
0.29595 
0.285364 
0.277798 
0.270562 
0.257147 
0.254633 
0.248436 
0.237594 
0.220468 
0.21094 
0.21608 
0.227362 
0.233899 
0.227678 
0.217853 
0.20786 
0.201413 
0.196944 
0.184923 
0.155819 
0.249198 
0.22991 
0.212486 
0.206571 
0.203419 
0.20995 
0.212034 
0.217003 
0.212121 
0.214219 
0.214818 
0.216059 
0.224246 
0.225608 
0.2215 
0.211278 
0.191151 
0.239119 
0.250424 
0.250464 
0.338581 
0.285111 
0.230089 
0.191779 
0.165294 
0.147828 
0.174875 
0.186576 
0.19144 
0.184985 
0.364051 
0.355864 
0.317371 
0.280389 
0.248002 
0.218178 
0.183648 
0.167376 
0.155947 
0.156394 
0.183084 
0.193074 
0.199267 
0.198351 
0.184845 
0.171992 
0.16467 
0.164148 
0.162608 
0.159177 
0.176053 
0.176881 
0.18345 
0.196211 
0.198021 
0.178429 
0.16329 
0.164107 
0.180973 
0.182215 
0.186494 
0.190004 
0.192924 
0.190957 
0.179907 
0.167476 
0.163232 
0.166292 
0.174144 
0.189744 
0.209552 
0.219595 
0.208486 
0.176394 
0.167139 
0.157143 
0.148305 
0.168982 
0.201669 
0.223668 
0.228646 
0.223923 
0.213231 
0.207543 
0.219069 
0.235242 
0.248667 
0.259763 
0.39728 
0.181789 
0.170023 
0.160847 
0.131286 
0.0963235 
0.100603 
0.1342 
0.163828 
0.198326 
0.212201 
0.228359 
0.25052 
0.27394 
0.289815 
0.287367 
0.276584 
0.27229 
0.204849 
0.239479 
0.260468 
0.260001 
0.244578 
0.239595 
0.252615 
0.275053 
0.302346 
0.342435 
0.391438 
0.414098 
0.39805 
0.325876 
0.269413 
0.250992 
0.270235 
0.320614 
0.436146 
0.306134 
0.292061 
0.260313 
0.234071 
0.201187 
0.16123 
0.139459 
0.140889 
0.159606 
0.167568 
0.166151 
0.157944 
0.154654 
0.172276 
0.202997 
0.311664 
0.308985 
0.313949 
0.324569 
0.334413 
0.325504 
0.311958 
0.307655 
0.303603 
0.275677 
0.238995 
0.216321 
0.207378 

@4
31 
59 
99 
3 
32 
2 
4 
3 
5 
4 
6 
5 
7 
6 
8 
7 
9 
8 
10 
9 
11 
10 
12 
11 
13 
12 
14 
13 
15 
14 
16 
15 
17 
16 
18 
17 
19 
18 
20 
19 
21 
20 
22 
21 
23 
22 
24 
23 
25 
24 
26 
25 
27 
26 
28 
27 
29 
28 
30 
29 
31 
30 
0 
2 
33 
32 
34 
33 
35 
34 
36 
35 
37 
36 
38 
37 
39 
38 
40 
39 
41 
40 
42 
41 
43 
42 
44 
43 
45 
44 
46 
45 
47 
46 
48 
47 
49 
48 
50 
49 
51 
50 
52 
51 
53 
52 
54 
53 
55 
54 
56 
55 
57 
56 
58 
57 
59 
58 
1 
61 
100 
60 
62 
61 
63 
62 
64 
63 
65 
64 
66 
65 
67 
66 
68 
67 
69 
68 
70 
69 
71 
70 
72 
71 
73 
72 
74 
73 
75 
74 
76 
75 
77 
76 
78 
77 
79 
78 
80 
79 
81 
80 
82 
81 
83 
82 
84 
83 
85 
84 
86 
85 
87 
86 
88 
87 
89 
88 
90 
89 
91 
90 
92 
91 
93 
92 
94 
93 
95 
94 
96 
95 
97 
96 
98 
97 
99 
98 
1 
60 
101 
100 
102 
101 
103 
102 
104 
103 
105 
104 
106 
105 
107 
106 
108 
107 
109 
108 
110 
109 
111 
110 
112 
111 
113 
112 
114 
113 
115 
114 
116 
115 
117 
116 
118 
117 
119 
118 
120 
119 
121 
120 
122 
121 
123 
122 
124 
123 
125 
124 
126 
125 
127 
126 
128 
127 
129 
128 
130 
129 
162 
189 
225 
133 
163 
132 
134 
133 
135 
134 
136 
135 
137 
136 
138 
137 
139 
138 
140 
139 
141 
140 
142 
141 
143 
142 
144 
143 
145 
144 
146 
145 
147 
146 
148 
147 
149 
148 
150 
149 
151 
150 
152 
151 
153 
152 
154 
153 
155 
154 
156 
155 
157 
156 
158 
157 
159 
158 
160 
159 
161 
160 
162 
161 
513 
130 
132 
164 
163 
165 
164 
166 
165 
167 
166 
168 
167 
169 
168 
170 
169 
171 
170 
172 
171 
173 
172 
174 
173 
175 
174 
176 
175 
177 
176 
178 
177 
179 
178 
180 
179 
181 
180 
182 
181 
183 
182 
184 
183 
185 
184 
186 
185 
187 
186 
188 
187 
189 
188 
131 
191 
226 
190 
192 
191 
193 
192 
194 
193 
195 
194 
196 
195 
197 
196 
198 
197 
199 
198 
200 
199 
201 
200 
202 
201 
203 
202 
204 
203 
205 
204 
206 
205 
207 
206 
208 
207 
209 
208 
210 
209 
211 
210 
212 
211 
213 
212 
214 
213 
215 
214 
216 
215 
217 
216 
218 
217 
219 
218 
220 
219 
221 
220 
222 
221 
223 
222 
224 
223 
225 
224 
131 
190 
227 
226 
228 
227 
229 
228 
230 
229 
231 
230 
232 
231 
233 
232 
234 
233 
235 
234 
236 
235 
237 
236 
238 
237 
239 
238 
240 
239 
241 
240 
242 
241 
243 
242 
244 
243 
245 
244 
246 
245 
247 
246 
248 
247 
249 
248 
250 
249 
251 
250 
252 
251 
253 
252 
254 
253 
266 
275 
257 
267 
256 
258 
257 
259 
258 
260 
259 
261 
260 
262 
261 
263 
262 
264 
263 
265 
264 
266 
265 
254 
256 
268 
267 
269 
268 
270 
269 
271 
270 
272 
271 
273 
272 
383 
275 
289 
255 
274 
277 
290 
276 
278 
277 
279 
278 
280 
279 
281 
280 
282 
281 
283 
282 
284 
283 
285 
284 
286 
285 
287 
286 
288 
287 
289 
288 
274 
276 
291 
290 
292 
291 
293 
292 
294 
293 
295 
294 
296 
295 
297 
296 
298 
297 
319 
341 
365 
301 
320 
300 
302 
301 
303 
302 
304 
303 
305 
304 
306 
305 
307 
306 
308 
307 
309 
308 
310 
309 
311 
310 
312 
311 
313 
312 
314 
313 
315 
314 
316 
315 
317 
316 
318 
317 
319 
318 
298 
300 
321 
320 
322 
321 
323 
322 
324 
323 
325 
324 
326 
325 
327 
326 
328 
327 
329 
328 
330 
329 
331 
330 
332 
331 
333 
332 
334 
333 
335 
334 
336 
335 
337 
336 
338 
337 
339 
338 
340 
339 
341 
340 
299 
343 
366 
342 
344 
343 
345 
344 
346 
345 
347 
346 
348 
347 
349 
348 
350 
349 
351 
350 
352 
351 
353 
352 
354 
353 
355 
354 
356 
355 
357 
356 
358 
357 
359 
358 
360 
359 
361 
360 
362 
361 
363 
362 
364 
363 
365 
364 
299 
342 
367 
366 
369 
369 
1069 
368 
959 
367 
371 
384 
370 
372 
371 
373 
372 
374 
373 
375 
374 
376 
375 
377 
376 
378 
377 
379 
378 
380 
379 
381 
380 
382 
381 
383 
382 
273 
370 
385 
384 
386 
385 
387 
386 
388 
387 
389 
388 
390 
389 
391 
390 
392 
391 
393 
392 
394 
393 
395 
394 
396 
395 
419 
398 
420 
397 
399 
398 
400 
399 
401 
400 
402 
401 
403 
402 
404 
403 
405 
404 
406 
405 
407 
406 
408 
407 
409 
408 
410 
409 
411 
410 
412 
411 
413 
412 
414 
413 
415 
414 
416 
415 
417 
416 
418 
417 
419 
418 
396 
397 
421 
420 
422 
421 
423 
422 
424 
423 
425 
424 
426 
425 
427 
426 
428 
427 
429 
428 
430 
429 
431 
430 
432 
431 
433 
432 
434 
433 
435 
434 
436 
435 
437 
436 
438 
437 
439 
438 
440 
439 
441 
440 
442 
441 
443 
442 
444 
443 
462 
446 
463 
445 
447 
446 
448 
447 
449 
448 
450 
449 
451 
450 
452 
451 
453 
452 
454 
453 
455 
454 
456 
455 
457 
456 
458 
457 
459 
458 
460 
459 
461 
460 
462 
461 
444 
445 
525 
466 
514 
465 
467 
466 
468 
467 
469 
468 
470 
469 
471 
470 
472 
471 
473 
472 
474 
473 
475 
474 
476 
475 
477 
476 
478 
477 
479 
478 
480 
479 
481 
480 
482 
481 
483 
482 
484 
483 
485 
484 
486 
485 
487 
486 
488 
487 
489 
488 
490 
489 
491 
490 
492 
491 
493 
492 
494 
493 
495 
494 
496 
495 
497 
496 
498 
497 
499 
498 
500 
499 
501 
500 
502 
501 
503 
502 
504 
503 
505 
504 
506 
505 
507 
506 
508 
507 
509 
508 
510 
509 
511 
510 
512 
511 
513 
512 
162 
465 
515 
514 
516 
515 
517 
516 
518 
517 
519 
518 
520 
519 
521 
520 
522 
521 
523 
522 
524 
523 
525 
464 
556 
524 
574 
619 
528 
557 
527 
529 
528 
530 
529 
531 
530 
532 
531 
533 
532 
534 
533 
535 
534 
536 
535 
537 
536 
538 
537 
539 
538 
540 
539 
541 
540 
542 
541 
543 
542 
544 
543 
545 
544 
546 
545 
547 
546 
548 
547 
549 
548 
550 
549 
551 
550 
552 
551 
553 
552 
554 
553 
555 
554 
556 
555 
525 
527 
558 
557 
559 
558 
560 
559 
561 
560 
562 
561 
563 
562 
564 
563 
565 
564 
566 
565 
567 
566 
568 
567 
569 
568 
570 
569 
571 
570 
572 
571 
573 
572 
574 
573 
526 
657 
715 
577 
620 
576 
578 
577 
579 
578 
580 
579 
581 
580 
582 
581 
583 
582 
584 
583 
585 
584 
586 
585 
587 
586 
588 
587 
589 
588 
590 
589 
591 
590 
592 
591 
593 
592 
594 
593 
595 
594 
596 
595 
597 
596 
598 
597 
599 
598 
600 
599 
601 
600 
602 
601 
603 
602 
604 
603 
605 
604 
606 
605 
607 
606 
608 
607 
609 
608 
610 
609 
611 
610 
612 
611 
613 
612 
614 
613 
615 
614 
616 
615 
617 
616 
618 
617 
619 
618 
526 
576 
621 
620 
622 
621 
623 
622 
624 
623 
625 
624 
626 
625 
627 
626 
628 
627 
629 
628 
630 
629 
631 
630 
632 
631 
633 
632 
634 
633 
635 
634 
636 
635 
637 
636 
638 
637 
639 
638 
640 
639 
641 
640 
642 
641 
643 
642 
644 
643 
645 
644 
646 
645 
647 
646 
648 
647 
649 
648 
650 
649 
651 
650 
652 
651 
653 
652 
654 
653 
655 
654 
656 
655 
657 
656 
575 
716 
660 
716 
659 
661 
660 
662 
661 
663 
662 
664 
663 
665 
664 
666 
665 
667 
666 
668 
667 
669 
668 
670 
669 
671 
670 
672 
671 
673 
672 
674 
673 
675 
674 
676 
675 
677 
676 
678 
677 
679 
678 
680 
679 
681 
680 
682 
681 
683 
682 
684 
683 
685 
684 
686 
685 
687 
686 
688 
687 
689 
688 
690 
689 
691 
690 
692 
691 
693 
692 
694 
693 
695 
694 
696 
695 
697 
696 
698 
697 
699 
698 
700 
699 
701 
700 
702 
701 
703 
702 
704 
703 
705 
704 
706 
705 
707 
706 
708 
707 
709 
708 
710 
709 
711 
710 
712 
711 
713 
712 
714 
713 
715 
714 
575 
658 
775 
659 
718 
776 
717 
719 
718 
720 
719 
721 
720 
722 
721 
723 
722 
724 
723 
725 
724 
726 
725 
727 
726 
728 
727 
729 
728 
730 
729 
731 
730 
732 
731 
733 
732 
734 
733 
735 
734 
736 
735 
737 
736 
738 
737 
739 
738 
740 
739 
741 
740 
742 
741 
743 
742 
744 
743 
745 
744 
746 
745 
747 
746 
748 
747 
749 
748 
750 
749 
751 
750 
752 
751 
753 
752 
754 
753 
755 
754 
756 
755 
757 
756 
758 
757 
759 
758 
760 
759 
761 
760 
762 
761 
763 
762 
764 
763 
765 
764 
766 
765 
767 
766 
768 
767 
769 
768 
770 
769 
771 
770 
772 
771 
773 
772 
774 
773 
775 
774 
716 
717 
777 
776 
778 
777 
779 
778 
780 
779 
781 
780 
782 
781 
783 
782 
784 
783 
785 
784 
786 
785 
787 
786 
788 
787 
789 
788 
790 
789 
791 
790 
792 
791 
793 
792 
794 
793 
795 
794 
796 
795 
797 
796 
798 
797 
799 
798 
800 
799 
801 
800 
802 
801 
803 
802 
804 
803 
805 
804 
806 
805 
807 
806 
808 
807 
809 
808 
810 
809 
811 
810 
812 
811 
813 
812 
814 
813 
815 
814 
816 
815 
817 
816 
818 
817 
819 
818 
820 
819 
821 
820 
822 
821 
823 
822 
824 
823 
825 
824 
826 
825 
903 
929 
829 
904 
828 
830 
829 
831 
830 
832 
831 
833 
832 
834 
833 
835 
834 
836 
835 
837 
836 
838 
837 
839 
838 
840 
839 
841 
840 
842 
841 
843 
842 
844 
843 
845 
844 
846 
845 
847 
846 
848 
847 
849 
848 
850 
849 
851 
850 
852 
851 
853 
852 
854 
853 
855 
854 
856 
855 
857 
856 
858 
857 
859 
858 
860 
859 
861 
860 
862 
861 
863 
862 
864 
863 
865 
864 
866 
865 
867 
866 
868 
867 
869 
868 
870 
869 
871 
870 
872 
871 
873 
872 
874 
873 
875 
874 
876 
875 
877 
876 
878 
877 
879 
878 
880 
879 
881 
880 
882 
881 
883 
882 
884 
883 
885 
884 
886 
885 
887 
886 
888 
887 
889 
888 
890 
889 
891 
890 
892 
891 
893 
892 
894 
893 
895 
894 
896 
895 
897 
896 
898 
897 
899 
898 
900 
899 
901 
900 
902 
901 
903 
902 
826 
828 
905 
904 
906 
905 
907 
906 
908 
907 
909 
908 
910 
909 
911 
910 
912 
911 
913 
912 
914 
913 
915 
914 
916 
915 
917 
916 
918 
917 
919 
918 
920 
919 
921 
920 
922 
921 
923 
922 
924 
923 
925 
924 
926 
925 
927 
926 
928 
927 
929 
827 
946 
928 
949 
932 
947 
931 
933 
932 
934 
933 
935 
934 
936 
935 
937 
936 
938 
937 
939 
938 
940 
939 
941 
940 
942 
941 
943 
942 
944 
943 
945 
944 
946 
945 
929 
931 
948 
947 
949 
948 
930 
951 
960 
950 
952 
951 
953 
952 
954 
953 
955 
954 
956 
955 
957 
956 
958 
957 
959 
958 
369 
950 
961 
960 
962 
961 
963 
962 
964 
963 
965 
964 
966 
965 
967 
966 
968 
967 
969 
968 
979 
971 
980 
970 
972 
971 
973 
972 
974 
973 
975 
974 
976 
975 
977 
976 
978 
977 
979 
978 
969 
970 
981 
980 
982 
981 
983 
982 
984 
983 
985 
984 
986 
985 
987 
986 
988 
987 
1002 
990 
1003 
989 
991 
990 
992 
991 
993 
992 
994 
993 
995 
994 
996 
995 
997 
996 
998 
997 
999 
998 
1000 
999 
1001 
1000 
1002 
1001 
988 
989 
1004 
1003 
1005 
1004 
1006 
1005 
1007 
1006 
1008 
1007 
1009 
1008 
1010 
1009 
1011 
1010 
1012 
1011 
1013 
1012 
1014 
1013 
1015 
1014 
1016 
1015 
1017 
1016 
1035 
1053 
1054 
1020 
1036 
1019 
1021 
1020 
1022 
1021 
1023 
1022 
1024 
1023 
1025 
1024 
1026 
1025 
1027 
1026 
1028 
1027 
1029 
1028 
1030 
1029 
1031 
1030 
1032 
1031 
1033 
1032 
1034 
1033 
1035 
1034 
1017 
1019 
1037 
1036 
1038 
1037 
1039 
1038 
1040 
1039 
1041 
1040 
1042 
1041 
1043 
1042 
1044 
1043 
1045 
1044 
1046 
1045 
1047 
1046 
1048 
1047 
1049 
1048 
1050 
1049 
1051 
1050 
1052 
1051 
1053 
1052 
1018 
1018 
1056 
1070 
1055 
1057 
1056 
1058 
1057 
1059 
1058 
1060 
1059 
1061 
1060 
1062 
1061 
1063 
1062 
1064 
1063 
1065 
1064 
1066 
1065 
1067 
1066 
1068 
1067 
1069 
1068 
368 
1055 
1071 
1070 
1072 
1071 
1073 
1072 
1074 
1073 
1075 
1074 
1076 
1075 
1077 
1076 
1078 
1077 
1079 
1078 
1080 
1079 
1081 
1080 
1082 
1081 

@6
0 
0 
0 
0 
0 
0 
0 
0 
0 
0 
0 
0 
0 
0 
0 
0 
0 
0 
0 
0 
0 
0 
0 
0 
0 
0 
0 
0 
0 
0 
0 
0 
0 
0 
0 
0 
0 
0 
0 
0 
0 
0 
0 
0 
0 
0 
0 
0 
0 
0 
0 
0 
0 
0 
0 
0 
0 
0 
0 
0 
0 
0 
0 
0 
0 
0 
0 
0 
0 
0 
0 
0 
0 
0 
0 
0 
0 
0 
0 
0 
0 
0 
0 
0 
0 
0 
0 
0 
0 
0 
0 
0 
0 
0 
0 
0 
0 
0 
0 
0 
0 
0 
0 
0 
0 
0 
0 
0 
0 
0 
0 
0 
0 
0 
0 
0 
0 
0 
0 
0 
0 
0 
0 
0 
0 
0 
0 
0 
0 
0 
0 
0 
0 
0 
0 
0 
0 
0 
0 
0 
0 
0 
0 
0 
0 
0 
0 
0 
0 
0 
0 
0 
0 
0 
0 
0 
0 
0 
0 
0 
0 
0 
0 
0 
0 
0 
0 
0 
0 
0 
0 
0 
0 
0 
0 
0 
0 
0 
0 
0 
0 
0 
0 
0 
0 
0 
0 
0 
0 
0 
0 
0 
0 
0 
0 
0 
0 
0 
0 
0 
0 
0 
0 
0 
0 
0 
0 
0 
0 
0 
0 
0 
0 
0 
0 
0 
0 
0 
0 
0 
0 
0 
0 
0 
0 
0 
0 
0 
0 
0 
0 
0 
0 
0 
0 
0 
0 
0 
0 
0 
0 
0 
0 
0 
0 
0 
0 
0 
0 
0 
0 
0 
0 
0 
0 
0 
0 
0 
0 
0 
0 
0 
0 
0 
0 
0 
0 
0 
0 
0 
0 
0 
0 
0 
0 
0 
0 
0 
0 
0 
0 
0 
0 
0 
0 
0 
0 
0 
0 
0 
0 
0 
0 
0 
0 
0 
0 
0 
0 
0 
0 
0 
0 
0 
0 
0 
0 
0 
0 
0 
0 
0 
0 
0 
0 
0 
0 
0 
0 
0 
0 
0 
0 
0 
0 
0 
0 
0 
0 
0 
0 
0 
0 
0 
0 
0 
0 
0 
0 
0 
0 
0 
0 
0 
0 
0 
0 
0 
0 
0 
0 
0 
0 
0 
0 
0 
0 
0 
0 
0 
0 
0 
0 
0 
0 
0 
0 
0 
0 
0 
0 
0 
0 
0 
0 
0 
0 
0 
0 
0 
0 
0 
0 
0 
0 
0 
0 
0 
0 
0 
0 
0 
0 
0 
0 
0 
0 
0 
0 
0 
0 
0 
0 
0 
0 
0 
0 
0 
0 
0 
0 
0 
0 
0 
0 
0 
0 
0 
0 
0 
0 
0 
0 
0 
0 
0 
0 
0 
0 
0 
0 
0 
0 
0 
0 
0 
0 
0 
0 
0 
0 
0 
0 
0 
0 
0 
0 
0 
0 
0 
0 
0 
0 
0 
0 
0 
0 
0 
0 
0 
0 
0 
0 
0 
0 
0 
0 
0 
0 
0 
0 
0 
0 
0 
0 
0 
0 
0 
0 
0 
0 
0 
0 
0 
0 
0 
0 
0 
0 
0 
0 
0 
0 
0 
0 
0 
0 
0 
0 
0 
0 
0 
0 
0 
0 
0 
0 
0 
0 
0 
0 
0 
0 
0 
0 
0 
0 
0 
0 
0 
0 
0 
0 
0 
0 
0 
0 
0 
0 
0 
0 
0 
0 
0 
0 
0 
0 
0 
0 
0 
0 
0 
0 
0 
0 
0 
0 
0 
0 
0 
0 
0 
0 
0 
0 
0 
0 
0 
0 
0 
0 
0 
0 
0 
0 
0 
0 
0 
0 
0 
0 
0 
0 
0 
0 
0 
0 
0 
0 
0 
0 
0 
0 
0 
0 
0 
0 
0 
0 
0 
0 
0 
0 
0 
0 
0 
0 
0 
0 
0 
0 
0 
0 
0 
0 
0 
0 
0 
0 
0 
0 
0 
0 
0 
0 
0 
0 
0 
0 
0 
0 
0 
0 
0 
0 
0 
0 
0 
0 
0 
0 
0 
0 
0 
0 
0 
0 
0 
0 
0 
0 
0 
0 
0 
0 
0 
0 
0 
0 
0 
0 
0 
0 
0 
0 
0 
0 
0 
0 
0 
0 
0 
0 
0 
0 
0 
0 
0 
0 
0 
0 
0 
0 
0 
0 
0 
0 
0 
0 
0 
0 
0 
0 
0 
0 
0 
0 
0 
0 
0 
0 
0 
0 
0 
0 
0 
0 
0 
0 
0 
0 
0 
0 
0 
0 
0 
0 
0 
0 
0 
0 
0 
0 
0 
0 
0 
0 
0 
0 
0 
0 
0 
0 
0 
0 
0 
0 
0 
0 
0 
0 
0 
0 
0 
0 
0 
0 
0 
0 
0 
0 
0 
0 
0 
0 
0 
0 
0 
0 
0 
0 
0 
0 
0 
0 
0 
0 
0 
0 
0 
0 
0 
0 
0 
0 
0 
0 
0 
0 
0 
0 
0 
0 
0 
0 
0 
0 
0 
0 
0 
0 
0 
0 
0 
0 
0 
0 
0 
0 
0 
0 
0 
0 
0 
0 
0 
0 
0 
0 
0 
0 
0 
0 
0 
0 
0 
0 
0 
0 
0 
0 
0 
0 
0 
0 
0 
0 
0 
0 
0 
0 
0 
0 
0 
0 
0 
0 
0 
0 
0 
0 
0 
0 
0 
0 
0 
0 
0 
0 
0 
0 
0 
0 
0 
0 
0 
0 
0 
0 
0 
0 
0 
0 
0 
0 
0 
0 
0 
0 
0 
0 
0 
0 
0 
0 
0 
0 
0 
0 
0 
0 
0 
0 
0 
0 
0 
0 
0 
0 
0 
0 
0 
0 
0 
0 
0 
0 
0 
0 
0 
0 
0 
0 
0 
0 
0 
0 
0 
0 
0 
0 
0 
0 
0 
0 
0 
0 
0 
0 
0 
0 
0 
0 
0 
0 
0 
0 
0 
0 
0 
0 
0 
0 
0 
0 
0 
0 
0 
0 
0 
0 
0 
0 
0 
0 
0 
0 
0 
0 
0 
0 
0 
0 
0 
0 
0 
0 
0 
0 
0 
0 
0 
0 
0 
0 
0 
0 
0 
0 
0 
0 
0 
0 
0 
0 
0 
0 
0 
0 
0 
0 
0 
0 
0 
0 
0 
0 
0 
0 
0 
0 
0 
0 
0 
0 
0 
0 
0 
0 
0 
0 
0 
0 
0 
0 
0 
0 
0 
0 
0 
0 
0 
0 
0 
0 
0 
0 
0 
0 
0 
0 
0 
0 
0 
0 
0 
0 
0 
0 
0 
0 
0 
0 
0 
0 
0 
0 
0 
0 
0 
0 
0 
0 
0 
0 
0 
0 
0 
0 
0 
0 
0 
0 
0 
0 
0 
0 
0 
0 
0 
0 
0 
0 
0 
0 
0 
0 
0 
0 
0 
0 
0 
0 
0 
0 
0 
0 
0 
0 
0 
0 
0 
0 
0 
0 
0 
0 
0 
0 
0 
0 
0 
0 

